39200 97.00 151857 173840 HEG4_chr10_2404092_2868093 260766 238759 OG_10_2247279_2720175
26060 98.00 247782 261555 HEG4_chr10_2404092_2868093 178322 164570 OG_10_2247279_2720175
23510 98.00 336373 348985 HEG4_chr10_2404092_2868093 336768 349394 OG_10_2247279_2720175
21780 98.00 306591 318492 HEG4_chr10_2404092_2868093 307185 319103 OG_10_2247279_2720175
17620 96.00 318495 328629 HEG4_chr10_2404092_2868093 319188 329337 OG_10_2247279_2720175
16170 97.00 104373 113493 HEG4_chr10_2404092_2868093 133470 142587 OG_10_2247279_2720175
15200 98.00 174787 183125 HEG4_chr10_2404092_2868093 237355 229018 OG_10_2247279_2720175
13390 97.00 447913 455484 HEG4_chr10_2404092_2868093 455385 462971 OG_10_2247279_2720175
11310 97.00 267499 273804 HEG4_chr10_2404092_2868093 275895 282235 OG_10_2247279_2720175
10610 99.00 120055 125550 HEG4_chr10_2404092_2868093 144331 149832 OG_10_2247279_2720175
10040 97.00 294562 300161 HEG4_chr10_2404092_2868093 294944 300551 OG_10_2247279_2720175
9630 97.00 129581 134890 HEG4_chr10_2404092_2868093 153459 158723 OG_10_2247279_2720175
9246 97.00 90575 95847 HEG4_chr10_2404092_2868093 121105 126380 OG_10_2247279_2720175
9061 97.00 300163 305134 HEG4_chr10_2404092_2868093 300625 305581 OG_10_2247279_2720175
9057 91.00 427237 434080 HEG4_chr10_2404092_2868093 416469 423240 OG_10_2247279_2720175
8772 97.00 142141 146970 HEG4_chr10_2404092_2868093 270828 265996 OG_10_2247279_2720175
8689 98.00 276572 281285 HEG4_chr10_2404092_2868093 284982 289667 OG_10_2247279_2720175
8383 97.00 146969 151701 HEG4_chr10_2404092_2868093 265757 261035 OG_10_2247279_2720175
8296 96.00 16676 21656 HEG4_chr10_2404092_2868093 74007 78972 OG_10_2247279_2720175
7434 98.00 134933 138895 HEG4_chr10_2404092_2868093 158706 162652 OG_10_2247279_2720175
7303 98.00 184456 188444 HEG4_chr10_2404092_2868093 216165 212180 OG_10_2247279_2720175
7236 97.00 83427 87482 HEG4_chr10_2404092_2868093 113653 117722 OG_10_2247279_2720175
7194 95.00 459643 464002 HEG4_chr10_2404092_2868093 467095 471417 OG_10_2247279_2720175
7063 97.00 189618 193573 HEG4_chr10_2404092_2868093 210949 206991 OG_10_2247279_2720175
6334 95.00 403283 407083 HEG4_chr10_2404092_2868093 385624 389442 OG_10_2247279_2720175
6183 97.00 332614 336140 HEG4_chr10_2404092_2868093 333259 336767 OG_10_2247279_2720175
5901 96.00 97814 101250 HEG4_chr10_2404092_2868093 128457 131905 OG_10_2247279_2720175
5792 94.00 8509 12216 HEG4_chr10_2404092_2868093 67194 70916 OG_10_2247279_2720175
5666 97.00 201466 204734 HEG4_chr10_2404092_2868093 199155 195876 OG_10_2247279_2720175
5259 96.00 262508 265516 HEG4_chr10_2404092_2868093 271423 274416 OG_10_2247279_2720175
5220 95.00 424021 427157 HEG4_chr10_2404092_2868093 413271 416451 OG_10_2247279_2720175
5200 96.00 399583 402722 HEG4_chr10_2404092_2868093 382491 385623 OG_10_2247279_2720175
5101 99.00 195871 198553 HEG4_chr10_2404092_2868093 204972 202294 OG_10_2247279_2720175
5041 97.00 291683 294534 HEG4_chr10_2404092_2868093 292093 294946 OG_10_2247279_2720175
4724 96.00 351963 354743 HEG4_chr10_2404092_2868093 352301 355041 OG_10_2247279_2720175
4492 95.00 420626 423397 HEG4_chr10_2404092_2868093 410033 412781 OG_10_2247279_2720175
4058 96.00 4199 6568 HEG4_chr10_2404092_2868093 58205 60573 OG_10_2247279_2720175
4050 96.00 274118 276473 HEG4_chr10_2404092_2868093 282512 284892 OG_10_2247279_2720175
4004 96.00 71370 73753 HEG4_chr10_2404092_2868093 86147 88536 OG_10_2247279_2720175
3994 97.00 125500 127796 HEG4_chr10_2404092_2868093 149878 152170 OG_10_2247279_2720175
3987 98.00 455482 457674 HEG4_chr10_2404092_2868093 463010 465200 OG_10_2247279_2720175
3782 95.00 379046 381432 HEG4_chr10_2404092_2868093 366335 368727 OG_10_2247279_2720175
3418 97.00 139070 140932 HEG4_chr10_2404092_2868093 162701 164574 OG_10_2247279_2720175
3255 97.00 87552 89406 HEG4_chr10_2404092_2868093 117723 119573 OG_10_2247279_2720175
3253 96.00 193534 195414 HEG4_chr10_2404092_2868093 206992 205125 OG_10_2247279_2720175
3190 94.00 207505 209570 HEG4_chr10_2404092_2868093 194094 192046 OG_10_2247279_2720175
3096 95.00 457706 459605 HEG4_chr10_2404092_2868093 465201 467091 OG_10_2247279_2720175
3085 94.00 330074 332087 HEG4_chr10_2404092_2868093 330746 332759 OG_10_2247279_2720175
3059 91.00 12226 14493 HEG4_chr10_2404092_2868093 70874 73112 OG_10_2247279_2720175
3031 93.00 74195 76243 HEG4_chr10_2404092_2868093 91467 93516 OG_10_2247279_2720175
3031 98.00 113679 115272 HEG4_chr10_2404092_2868093 142752 144341 OG_10_2247279_2720175
2861 98.00 199713 201249 HEG4_chr10_2404092_2868093 200876 199336 OG_10_2247279_2720175
2857 97.00 281257 282852 HEG4_chr10_2404092_2868093 289605 291203 OG_10_2247279_2720175
2805 96.00 95873 97510 HEG4_chr10_2404092_2868093 126362 127990 OG_10_2247279_2720175
2728 90.00 213961 216135 HEG4_chr10_2404092_2868093 181213 179060 OG_10_2247279_2720175
2646 95.00 361027 362665 HEG4_chr10_2404092_2868093 358084 359710 OG_10_2247279_2720175
2383 97.00 356637 357979 HEG4_chr10_2404092_2868093 356377 357715 OG_10_2247279_2720175
2373 97.00 305132 306471 HEG4_chr10_2404092_2868093 305860 307185 OG_10_2247279_2720175
2337 95.00 435435 436890 HEG4_chr10_2404092_2868093 423240 424698 OG_10_2247279_2720175
2230 91.00 394459 396166 HEG4_chr10_2404092_2868093 378340 380095 OG_10_2247279_2720175
2129 97.00 188439 189626 HEG4_chr10_2404092_2868093 212149 210964 OG_10_2247279_2720175
2121 95.00 354741 356018 HEG4_chr10_2404092_2868093 355062 356362 OG_10_2247279_2720175
2054 95.00 417221 418483 HEG4_chr10_2404092_2868093 406562 407817 OG_10_2247279_2720175
1905 96.00 1037 2176 HEG4_chr10_2404092_2868093 55398 56545 OG_10_2247279_2720175
1794 92.00 444081 445396 HEG4_chr10_2404092_2868093 451898 453208 OG_10_2247279_2720175
1707 88.00 93851 95501 HEG4_chr10_2404092_2868093 364542 362907 OG_10_2247279_2720175
1651 97.00 89407 90350 HEG4_chr10_2404092_2868093 120091 121032 OG_10_2247279_2720175
1586 96.00 329095 330040 HEG4_chr10_2404092_2868093 329797 330737 OG_10_2247279_2720175
1570 95.00 204997 205964 HEG4_chr10_2404092_2868093 195879 194917 OG_10_2247279_2720175
1497 97.00 419778 420603 HEG4_chr10_2404092_2868093 409208 410034 OG_10_2247279_2720175
1483 93.00 77161 78141 HEG4_chr10_2404092_2868093 97747 98727 OG_10_2247279_2720175
1447 96.00 127890 128743 HEG4_chr10_2404092_2868093 152168 153020 OG_10_2247279_2720175
1443 92.00 363530 364558 HEG4_chr10_2404092_2868093 355779 356805 OG_10_2247279_2720175
1435 92.00 385552 386556 HEG4_chr10_2404092_2868093 371280 372303 OG_10_2247279_2720175
1419 95.00 440904 441762 HEG4_chr10_2404092_2868093 449986 450851 OG_10_2247279_2720175
1358 97.00 266753 267513 HEG4_chr10_2404092_2868093 275116 275875 OG_10_2247279_2720175
1338 94.00 378179 379050 HEG4_chr10_2404092_2868093 362031 362906 OG_10_2247279_2720175
1322 93.00 372210 373110 HEG4_chr10_2404092_2868093 360848 361765 OG_10_2247279_2720175
1320 98.00 183753 184462 HEG4_chr10_2404092_2868093 228307 227601 OG_10_2247279_2720175
1233 88.00 370618 371699 HEG4_chr10_2404092_2868093 359745 360826 OG_10_2247279_2720175
1176 92.00 6604 7432 HEG4_chr10_2404092_2868093 60885 61729 OG_10_2247279_2720175
1160 94.00 7745 8505 HEG4_chr10_2404092_2868093 65784 66538 OG_10_2247279_2720175
1158 91.00 435662 436550 HEG4_chr10_2404092_2868093 407391 406505 OG_10_2247279_2720175
1154 97.00 379 1022 HEG4_chr10_2404092_2868093 54532 55177 OG_10_2247279_2720175
1154 92.00 206436 207270 HEG4_chr10_2404092_2868093 194929 194093 OG_10_2247279_2720175
1120 97.00 183125 183755 HEG4_chr10_2404092_2868093 228960 228328 OG_10_2247279_2720175
1118 90.00 385606 386533 HEG4_chr10_2404092_2868093 380143 379186 OG_10_2247279_2720175
1108 91.00 398241 399116 HEG4_chr10_2404092_2868093 381108 381985 OG_10_2247279_2720175
1094 89.00 417221 418207 HEG4_chr10_2404092_2868093 424302 423332 OG_10_2247279_2720175
1088 90.00 368242 369134 HEG4_chr10_2404092_2868093 358821 359710 OG_10_2247279_2720175
1061 92.00 370929 371684 HEG4_chr10_2404092_2868093 355421 356187 OG_10_2247279_2720175
1015 95.00 101252 101876 HEG4_chr10_2404092_2868093 131841 132459 OG_10_2247279_2720175
1007 88.00 395262 396195 HEG4_chr10_2404092_2868093 372274 371352 OG_10_2247279_2720175
934 91.00 105786 106498 HEG4_chr10_2404092_2868093 243257 242540 OG_10_2247279_2720175
910 85.00 386648 387739 HEG4_chr10_2404092_2868093 372472 373590 OG_10_2247279_2720175
908 92.00 2830 3488 HEG4_chr10_2404092_2868093 56982 57632 OG_10_2247279_2720175
898 86.00 418626 419577 HEG4_chr10_2404092_2868093 408108 409015 OG_10_2247279_2720175
894 90.00 169329 170053 HEG4_chr10_2404092_2868093 134879 135599 OG_10_2247279_2720175
884 98.00 199246 199712 HEG4_chr10_2404092_2868093 201442 200974 OG_10_2247279_2720175
870 89.00 355068 355808 HEG4_chr10_2404092_2868093 360007 360765 OG_10_2247279_2720175
868 97.00 141665 142142 HEG4_chr10_2404092_2868093 271333 270856 OG_10_2247279_2720175
860 95.00 102498 103022 HEG4_chr10_2404092_2868093 132457 132982 OG_10_2247279_2720175
842 90.00 364988 365679 HEG4_chr10_2404092_2868093 357714 358396 OG_10_2247279_2720175
811 97.00 198807 199261 HEG4_chr10_2404092_2868093 202115 201669 OG_10_2247279_2720175
809 90.00 414734 415422 HEG4_chr10_2404092_2868093 404724 405425 OG_10_2247279_2720175
801 92.00 3491 4050 HEG4_chr10_2404092_2868093 57662 58205 OG_10_2247279_2720175
775 97.00 2146 2587 HEG4_chr10_2404092_2868093 56545 56986 OG_10_2247279_2720175
775 90.00 385933 386533 HEG4_chr10_2404092_2868093 355619 356230 OG_10_2247279_2720175
767 91.00 362882 363429 HEG4_chr10_2404092_2868093 359737 360300 OG_10_2247279_2720175
741 90.00 435967 436580 HEG4_chr10_2404092_2868093 414572 415185 OG_10_2247279_2720175
739 90.00 425285 425889 HEG4_chr10_2404092_2868093 423776 424380 OG_10_2247279_2720175
731 87.00 409744 410450 HEG4_chr10_2404092_2868093 392011 392711 OG_10_2247279_2720175
714 96.00 295543 295954 HEG4_chr10_2404092_2868093 289529 289940 OG_10_2247279_2720175
714 90.00 425284 425871 HEG4_chr10_2404092_2868093 407089 406502 OG_10_2247279_2720175
712 92.00 442330 442828 HEG4_chr10_2404092_2868093 451396 451881 OG_10_2247279_2720175
704 93.00 328631 329095 HEG4_chr10_2404092_2868093 329310 329754 OG_10_2247279_2720175
704 95.00 399114 399550 HEG4_chr10_2404092_2868093 382017 382456 OG_10_2247279_2720175
700 96.00 440464 440898 HEG4_chr10_2404092_2868093 449615 450046 OG_10_2247279_2720175
692 96.00 423506 423915 HEG4_chr10_2404092_2868093 412783 413194 OG_10_2247279_2720175
692 92.00 446803 447333 HEG4_chr10_2404092_2868093 453215 453733 OG_10_2247279_2720175
690 92.00 417797 418305 HEG4_chr10_2404092_2868093 414286 413792 OG_10_2247279_2720175
682 97.00 287356 287731 HEG4_chr10_2404092_2868093 291071 291446 OG_10_2247279_2720175
680 94.00 78126 78582 HEG4_chr10_2404092_2868093 98735 99187 OG_10_2247279_2720175
668 88.00 395257 395866 HEG4_chr10_2404092_2868093 356232 355619 OG_10_2247279_2720175
666 83.00 43134 44179 HEG4_chr10_2404092_2868093 86486 87513 OG_10_2247279_2720175
660 90.00 417221 417749 HEG4_chr10_2404092_2868093 415098 414570 OG_10_2247279_2720175
640 94.00 424583 424997 HEG4_chr10_2404092_2868093 407552 407138 OG_10_2247279_2720175
634 86.00 105782 106491 HEG4_chr10_2404092_2868093 19844 20534 OG_10_2247279_2720175
628 96.00 358009 358375 HEG4_chr10_2404092_2868093 357714 358084 OG_10_2247279_2720175
622 87.00 385933 386533 HEG4_chr10_2404092_2868093 360261 360857 OG_10_2247279_2720175
620 89.00 371127 371675 HEG4_chr10_2404092_2868093 379793 379242 OG_10_2247279_2720175
615 92.00 439405 439841 HEG4_chr10_2404092_2868093 448087 448525 OG_10_2247279_2720175
607 91.00 438876 439341 HEG4_chr10_2404092_2868093 447614 448087 OG_10_2247279_2720175
605 90.00 416813 417273 HEG4_chr10_2404092_2868093 406265 406737 OG_10_2247279_2720175
599 97.00 332088 332435 HEG4_chr10_2404092_2868093 332729 333072 OG_10_2247279_2720175
595 91.00 413737 414210 HEG4_chr10_2404092_2868093 393195 393657 OG_10_2247279_2720175
583 86.00 395257 395866 HEG4_chr10_2404092_2868093 360859 360261 OG_10_2247279_2720175
569 88.00 436885 437449 HEG4_chr10_2404092_2868093 424829 425383 OG_10_2247279_2720175
563 88.00 371127 371640 HEG4_chr10_2404092_2868093 371658 372186 OG_10_2247279_2720175
561 93.00 318492 318881 HEG4_chr10_2404092_2868093 322032 322422 OG_10_2247279_2720175
551 85.00 408899 409621 HEG4_chr10_2404092_2868093 389438 390150 OG_10_2247279_2720175
547 95.00 281257 281592 HEG4_chr10_2404092_2868093 296003 296338 OG_10_2247279_2720175
541 87.00 421301 421829 HEG4_chr10_2404092_2868093 407039 406511 OG_10_2247279_2720175
525 98.00 198554 198834 HEG4_chr10_2404092_2868093 202338 202059 OG_10_2247279_2720175
525 88.00 434749 435262 HEG4_chr10_2404092_2868093 454264 454775 OG_10_2247279_2720175
523 87.00 69556 70048 HEG4_chr10_2404092_2868093 83013 83526 OG_10_2247279_2720175
517 90.00 99489 99919 HEG4_chr10_2404092_2868093 138021 138453 OG_10_2247279_2720175
517 87.00 436022 436554 HEG4_chr10_2404092_2868093 410693 411225 OG_10_2247279_2720175
515 87.00 355298 355827 HEG4_chr10_2404092_2868093 371658 372203 OG_10_2247279_2720175
513 94.00 381625 381970 HEG4_chr10_2404092_2868093 370935 371280 OG_10_2247279_2720175
509 89.00 81099 81557 HEG4_chr10_2404092_2868093 112867 113323 OG_10_2247279_2720175
504 88.00 417221 417698 HEG4_chr10_2404092_2868093 411164 410687 OG_10_2247279_2720175
502 86.00 421307 421839 HEG4_chr10_2404092_2868093 423831 424363 OG_10_2247279_2720175
498 89.00 308891 309317 HEG4_chr10_2404092_2868093 132221 131796 OG_10_2247279_2720175
494 89.00 363530 363979 HEG4_chr10_2404092_2868093 360412 360863 OG_10_2247279_2720175
494 86.00 425338 425862 HEG4_chr10_2404092_2868093 410691 411215 OG_10_2247279_2720175
494 86.00 421305 421829 HEG4_chr10_2404092_2868093 414625 415149 OG_10_2247279_2720175
490 99.00 435662 435916 HEG4_chr10_2404092_2868093 414032 414286 OG_10_2247279_2720175
490 92.00 439836 440194 HEG4_chr10_2404092_2868093 449237 449589 OG_10_2247279_2720175
480 96.00 80820 81099 HEG4_chr10_2404092_2868093 112557 112833 OG_10_2247279_2720175
466 83.00 70521 71125 HEG4_chr10_2404092_2868093 84088 84657 OG_10_2247279_2720175
462 85.00 390541 391064 HEG4_chr10_2404092_2868093 376877 377400 OG_10_2247279_2720175
458 88.00 308902 309340 HEG4_chr10_2404092_2868093 20534 20098 OG_10_2247279_2720175
458 85.00 245631 246212 HEG4_chr10_2404092_2868093 28866 28288 OG_10_2247279_2720175
458 94.00 79439 79745 HEG4_chr10_2404092_2868093 102117 102421 OG_10_2247279_2720175
458 93.00 169734 170051 HEG4_chr10_2404092_2868093 309808 309491 OG_10_2247279_2720175
452 97.00 212839 213093 HEG4_chr10_2404092_2868093 181652 181395 OG_10_2247279_2720175
452 88.00 414252 414676 HEG4_chr10_2404092_2868093 393775 394199 OG_10_2247279_2720175
446 89.00 209683 210114 HEG4_chr10_2404092_2868093 191501 191072 OG_10_2247279_2720175
446 93.00 308895 309211 HEG4_chr10_2404092_2868093 242540 242855 OG_10_2247279_2720175
442 91.00 240087 240431 HEG4_chr10_2404092_2868093 363455 363800 OG_10_2247279_2720175
440 91.00 309273 309623 HEG4_chr10_2404092_2868093 242917 243257 OG_10_2247279_2720175
434 98.00 97579 97813 HEG4_chr10_2404092_2868093 127991 128225 OG_10_2247279_2720175
432 97.00 363192 363429 HEG4_chr10_2404092_2868093 355421 355658 OG_10_2247279_2720175
428 96.00 128765 129020 HEG4_chr10_2404092_2868093 153018 153273 OG_10_2247279_2720175
428 90.00 355298 355651 HEG4_chr10_2404092_2868093 379793 379443 OG_10_2247279_2720175
426 91.00 308893 309211 HEG4_chr10_2404092_2868093 135597 135279 OG_10_2247279_2720175
426 84.00 449637 450204 HEG4_chr10_2404092_2868093 461591 461020 OG_10_2247279_2720175
424 92.00 7432 7754 HEG4_chr10_2404092_2868093 62100 62411 OG_10_2247279_2720175
422 92.00 364643 364958 HEG4_chr10_2404092_2868093 357399 357715 OG_10_2247279_2720175
422 87.00 363530 363966 HEG4_chr10_2404092_2868093 371815 372270 OG_10_2247279_2720175
422 84.00 453542 454081 HEG4_chr10_2404092_2868093 457673 457129 OG_10_2247279_2720175
420 90.00 101253 101629 HEG4_chr10_2404092_2868093 309868 309490 OG_10_2247279_2720175
414 94.00 365692 365964 HEG4_chr10_2404092_2868093 358554 358826 OG_10_2247279_2720175
410 89.00 105782 106106 HEG4_chr10_2404092_2868093 310224 309884 OG_10_2247279_2720175
406 91.00 106184 106500 HEG4_chr10_2404092_2868093 309806 309491 OG_10_2247279_2720175
402 91.00 169745 170051 HEG4_chr10_2404092_2868093 131913 132219 OG_10_2247279_2720175
398 90.00 83074 83405 HEG4_chr10_2404092_2868093 113330 113655 OG_10_2247279_2720175
398 83.00 396378 396971 HEG4_chr10_2404092_2868093 380274 380889 OG_10_2247279_2720175
398 88.00 424594 424997 HEG4_chr10_2404092_2868093 423332 423721 OG_10_2247279_2720175
391 88.00 309273 309627 HEG4_chr10_2404092_2868093 135217 134879 OG_10_2247279_2720175
389 92.00 1 282 HEG4_chr10_2404092_2868093 54241 54519 OG_10_2247279_2720175
387 86.00 169609 170042 HEG4_chr10_2404092_2868093 20102 20534 OG_10_2247279_2720175
383 89.00 94457 94781 HEG4_chr10_2404092_2868093 9271 9595 OG_10_2247279_2720175
383 91.00 101324 101626 HEG4_chr10_2404092_2868093 242844 242540 OG_10_2247279_2720175
381 92.00 106213 106500 HEG4_chr10_2404092_2868093 131933 132219 OG_10_2247279_2720175
377 95.00 71125 71353 HEG4_chr10_2404092_2868093 84722 84953 OG_10_2247279_2720175
377 86.00 308893 309321 HEG4_chr10_2404092_2868093 100816 100400 OG_10_2247279_2720175
375 89.00 94457 94781 HEG4_chr10_2404092_2868093 17763 18087 OG_10_2247279_2720175
373 85.00 230582 231032 HEG4_chr10_2404092_2868093 42182 42646 OG_10_2247279_2720175
365 92.00 101344 101628 HEG4_chr10_2404092_2868093 135310 135597 OG_10_2247279_2720175
365 93.00 374919 375181 HEG4_chr10_2404092_2868093 361767 362029 OG_10_2247279_2720175
361 88.00 169329 169669 HEG4_chr10_2404092_2868093 310224 309873 OG_10_2247279_2720175
355 88.00 101252 101619 HEG4_chr10_2404092_2868093 20166 20534 OG_10_2247279_2720175
351 91.00 70163 70452 HEG4_chr10_2404092_2868093 83791 84081 OG_10_2247279_2720175
345 82.00 75219 75842 HEG4_chr10_2404092_2868093 115435 116055 OG_10_2247279_2720175
337 92.00 207267 207508 HEG4_chr10_2404092_2868093 248310 248550 OG_10_2247279_2720175
333 94.00 246394 246621 HEG4_chr10_2404092_2868093 179729 179502 OG_10_2247279_2720175
327 93.00 246960 247202 HEG4_chr10_2404092_2868093 179500 179256 OG_10_2247279_2720175
325 92.00 265258 265500 HEG4_chr10_2404092_2868093 191876 191633 OG_10_2247279_2720175
325 97.00 175811 175990 HEG4_chr10_2404092_2868093 231192 231371 OG_10_2247279_2720175
321 94.00 103040 103249 HEG4_chr10_2404092_2868093 133463 133672 OG_10_2247279_2720175
319 91.00 309379 309627 HEG4_chr10_2404092_2868093 20092 19844 OG_10_2247279_2720175
319 86.00 240085 240432 HEG4_chr10_2404092_2868093 125485 125126 OG_10_2247279_2720175
319 95.00 419589 419781 HEG4_chr10_2404092_2868093 408984 409176 OG_10_2247279_2720175
317 83.00 108927 109368 HEG4_chr10_2404092_2868093 130151 130577 OG_10_2247279_2720175
313 92.00 309391 309627 HEG4_chr10_2404092_2868093 100377 100141 OG_10_2247279_2720175
311 81.00 85212 85835 HEG4_chr10_2404092_2868093 92493 93117 OG_10_2247279_2720175
309 92.00 29953 30175 HEG4_chr10_2404092_2868093 155234 155457 OG_10_2247279_2720175
309 96.00 180771 180950 HEG4_chr10_2404092_2868093 236152 236331 OG_10_2247279_2720175
303 85.00 76465 76789 HEG4_chr10_2404092_2868093 96894 97234 OG_10_2247279_2720175
301 90.00 417053 417273 HEG4_chr10_2404092_2868093 415155 414923 OG_10_2247279_2720175
297 92.00 76248 76468 HEG4_chr10_2404092_2868093 96552 96773 OG_10_2247279_2720175
297 92.00 103118 103327 HEG4_chr10_2404092_2868093 133463 133672 OG_10_2247279_2720175
297 85.00 299806 300161 HEG4_chr10_2404092_2868093 188685 189044 OG_10_2247279_2720175
297 94.00 363530 363723 HEG4_chr10_2404092_2868093 379636 379443 OG_10_2247279_2720175
297 89.00 369700 369976 HEG4_chr10_2404092_2868093 454809 454534 OG_10_2247279_2720175
295 85.00 101252 101628 HEG4_chr10_2404092_2868093 100449 100816 OG_10_2247279_2720175
295 91.00 447676 447910 HEG4_chr10_2404092_2868093 455125 455344 OG_10_2247279_2720175
293 96.00 247201 247373 HEG4_chr10_2404092_2868093 179232 179056 OG_10_2247279_2720175
293 86.00 297698 298048 HEG4_chr10_2404092_2868093 296925 296567 OG_10_2247279_2720175
291 93.00 103203 103405 HEG4_chr10_2404092_2868093 133470 133672 OG_10_2247279_2720175
291 93.00 103281 103483 HEG4_chr10_2404092_2868093 133470 133672 OG_10_2247279_2720175
291 93.00 103359 103561 HEG4_chr10_2404092_2868093 133470 133672 OG_10_2247279_2720175
291 93.00 103437 103639 HEG4_chr10_2404092_2868093 133470 133672 OG_10_2247279_2720175
291 93.00 103515 103717 HEG4_chr10_2404092_2868093 133470 133672 OG_10_2247279_2720175
291 93.00 103593 103795 HEG4_chr10_2404092_2868093 133470 133672 OG_10_2247279_2720175
291 93.00 103671 103873 HEG4_chr10_2404092_2868093 133470 133672 OG_10_2247279_2720175
291 93.00 103749 103951 HEG4_chr10_2404092_2868093 133470 133672 OG_10_2247279_2720175
291 93.00 103827 104029 HEG4_chr10_2404092_2868093 133470 133672 OG_10_2247279_2720175
291 93.00 103905 104107 HEG4_chr10_2404092_2868093 133470 133672 OG_10_2247279_2720175
291 93.00 103983 104185 HEG4_chr10_2404092_2868093 133470 133672 OG_10_2247279_2720175
291 93.00 104061 104263 HEG4_chr10_2404092_2868093 133470 133672 OG_10_2247279_2720175
291 93.00 104139 104341 HEG4_chr10_2404092_2868093 133470 133672 OG_10_2247279_2720175
291 93.00 104217 104419 HEG4_chr10_2404092_2868093 133470 133672 OG_10_2247279_2720175
291 93.00 104295 104497 HEG4_chr10_2404092_2868093 133470 133672 OG_10_2247279_2720175
291 90.00 207269 207503 HEG4_chr10_2404092_2868093 314918 314684 OG_10_2247279_2720175
291 90.00 390311 390548 HEG4_chr10_2404092_2868093 373721 373959 OG_10_2247279_2720175
291 89.00 417050 417273 HEG4_chr10_2404092_2868093 424362 424127 OG_10_2247279_2720175
289 90.00 105782 106022 HEG4_chr10_2404092_2868093 100141 100381 OG_10_2247279_2720175
289 86.00 106184 106500 HEG4_chr10_2404092_2868093 100511 100816 OG_10_2247279_2720175
287 87.00 296210 296534 HEG4_chr10_2404092_2868093 298410 298088 OG_10_2247279_2720175
283 91.00 164081 164313 HEG4_chr10_2404092_2868093 314684 314918 OG_10_2247279_2720175
281 98.00 195453 195606 HEG4_chr10_2404092_2868093 205124 204971 OG_10_2247279_2720175
281 90.00 314082 314310 HEG4_chr10_2404092_2868093 248545 248319 OG_10_2247279_2720175
280 86.00 169733 170051 HEG4_chr10_2404092_2868093 100508 100816 OG_10_2247279_2720175
278 82.00 135639 136129 HEG4_chr10_2404092_2868093 156515 157017 OG_10_2247279_2720175
278 93.00 100906 101097 HEG4_chr10_2404092_2868093 243206 243016 OG_10_2247279_2720175
274 90.00 159938 160162 HEG4_chr10_2404092_2868093 51961 51736 OG_10_2247279_2720175
274 93.00 100908 101097 HEG4_chr10_2404092_2868093 310167 309979 OG_10_2247279_2720175
274 95.00 369392 369561 HEG4_chr10_2404092_2868093 359745 359914 OG_10_2247279_2720175
272 92.00 76820 77015 HEG4_chr10_2404092_2868093 97455 97651 OG_10_2247279_2720175
272 92.00 105834 106029 HEG4_chr10_2404092_2868093 131559 131755 OG_10_2247279_2720175
272 86.00 174614 174931 HEG4_chr10_2404092_2868093 238778 239084 OG_10_2247279_2720175
268 91.00 102962 103164 HEG4_chr10_2404092_2868093 133463 133665 OG_10_2247279_2720175
268 92.00 100903 101097 HEG4_chr10_2404092_2868093 134931 135124 OG_10_2247279_2720175
268 90.00 275626 275848 HEG4_chr10_2404092_2868093 285184 284955 OG_10_2247279_2720175
264 88.00 169329 169576 HEG4_chr10_2404092_2868093 19844 20092 OG_10_2247279_2720175
262 90.00 363771 363980 HEG4_chr10_2404092_2868093 379394 379179 OG_10_2247279_2720175
256 89.00 2586 2814 HEG4_chr10_2404092_2868093 165475 165247 OG_10_2247279_2720175
256 93.00 31939 32115 HEG4_chr10_2404092_2868093 367898 368073 OG_10_2247279_2720175
254 91.00 309380 309574 HEG4_chr10_2404092_2868093 131755 131560 OG_10_2247279_2720175
252 90.00 21991 22215 HEG4_chr10_2404092_2868093 78218 78443 OG_10_2247279_2720175
248 90.00 458803 459007 HEG4_chr10_2404092_2868093 164919 165123 OG_10_2247279_2720175
246 97.00 352218 352353 HEG4_chr10_2404092_2868093 347646 347511 OG_10_2247279_2720175
242 87.00 210295 210529 HEG4_chr10_2404092_2868093 191062 190839 OG_10_2247279_2720175
242 85.00 243989 244309 HEG4_chr10_2404092_2868093 364631 364312 OG_10_2247279_2720175
240 88.00 242115 242362 HEG4_chr10_2404092_2868093 122463 122709 OG_10_2247279_2720175
240 97.00 441771 441907 HEG4_chr10_2404092_2868093 450918 451054 OG_10_2247279_2720175
238 80.00 410647 411204 HEG4_chr10_2404092_2868093 37477 38010 OG_10_2247279_2720175
236 94.00 281147 281301 HEG4_chr10_2404092_2868093 295927 296081 OG_10_2247279_2720175
234 93.00 391399 391564 HEG4_chr10_2404092_2868093 377474 377639 OG_10_2247279_2720175
234 87.00 241221 241450 HEG4_chr10_2404092_2868093 434594 434823 OG_10_2247279_2720175
230 88.00 169327 169568 HEG4_chr10_2404092_2868093 100139 100381 OG_10_2247279_2720175
230 88.00 2947 3165 HEG4_chr10_2404092_2868093 164350 164569 OG_10_2247279_2720175
230 94.00 210776 210928 HEG4_chr10_2404092_2868093 189237 189089 OG_10_2247279_2720175
228 81.00 210996 211485 HEG4_chr10_2404092_2868093 188657 188177 OG_10_2247279_2720175
226 91.00 417789 417958 HEG4_chr10_2404092_2868093 410562 410393 OG_10_2247279_2720175
226 91.00 435755 435924 HEG4_chr10_2404092_2868093 410393 410562 OG_10_2247279_2720175
224 81.00 132663 133169 HEG4_chr10_2404092_2868093 159412 159900 OG_10_2247279_2720175
224 88.00 393613 393798 HEG4_chr10_2404092_2868093 377637 377830 OG_10_2247279_2720175
222 90.00 434226 434405 HEG4_chr10_2404092_2868093 36224 36045 OG_10_2247279_2720175
222 92.00 143740 143907 HEG4_chr10_2404092_2868093 60831 60666 OG_10_2247279_2720175
222 82.00 140159 140533 HEG4_chr10_2404092_2868093 177898 178272 OG_10_2247279_2720175
222 90.00 261002 261181 HEG4_chr10_2404092_2868093 466495 466316 OG_10_2247279_2720175
220 89.00 244100 244309 HEG4_chr10_2404092_2868093 124406 124614 OG_10_2247279_2720175
220 87.00 265515 265758 HEG4_chr10_2404092_2868093 273914 273674 OG_10_2247279_2720175
218 93.00 102937 103086 HEG4_chr10_2404092_2868093 133516 133665 OG_10_2247279_2720175
218 92.00 424836 424993 HEG4_chr10_2404092_2868093 410393 410550 OG_10_2247279_2720175
218 92.00 421007 421164 HEG4_chr10_2404092_2868093 414125 414282 OG_10_2247279_2720175
218 92.00 421007 421164 HEG4_chr10_2404092_2868093 423560 423717 OG_10_2247279_2720175
216 90.00 169385 169575 HEG4_chr10_2404092_2868093 131563 131755 OG_10_2247279_2720175
216 82.00 247855 248203 HEG4_chr10_2404092_2868093 164149 163801 OG_10_2247279_2720175
214 83.00 245011 245368 HEG4_chr10_2404092_2868093 29298 28939 OG_10_2247279_2720175
214 87.00 273314 273529 HEG4_chr10_2404092_2868093 86125 85911 OG_10_2247279_2720175
214 85.00 47077 47386 HEG4_chr10_2404092_2868093 216477 216790 OG_10_2247279_2720175
214 99.00 441911 442022 HEG4_chr10_2404092_2868093 451276 451387 OG_10_2247279_2720175
212 90.00 100903 101092 HEG4_chr10_2404092_2868093 100193 100381 OG_10_2247279_2720175
212 88.00 458830 459024 HEG4_chr10_2404092_2868093 178825 179019 OG_10_2247279_2720175
212 94.00 148848 148986 HEG4_chr10_2404092_2868093 338198 338060 OG_10_2247279_2720175
210 88.00 411325 411548 HEG4_chr10_2404092_2868093 38134 38358 OG_10_2247279_2720175
210 87.00 42402 42626 HEG4_chr10_2404092_2868093 165249 165477 OG_10_2247279_2720175
210 93.00 446552 446697 HEG4_chr10_2404092_2868093 275262 275117 OG_10_2247279_2720175
210 87.00 264778 265007 HEG4_chr10_2404092_2868093 334175 334407 OG_10_2247279_2720175
208 97.00 212552 212668 HEG4_chr10_2404092_2868093 186980 186864 OG_10_2247279_2720175
208 86.00 264781 265014 HEG4_chr10_2404092_2868093 314684 314918 OG_10_2247279_2720175
208 94.00 447328 447460 HEG4_chr10_2404092_2868093 454949 455081 OG_10_2247279_2720175
206 88.00 287733 287943 HEG4_chr10_2404092_2868093 122461 122671 OG_10_2247279_2720175
206 90.00 241932 242099 HEG4_chr10_2404092_2868093 125131 124964 OG_10_2247279_2720175
206 90.00 241932 242103 HEG4_chr10_2404092_2868093 363796 363967 OG_10_2247279_2720175
206 86.00 140681 140908 HEG4_chr10_2404092_2868093 451280 451054 OG_10_2247279_2720175
204 88.00 100903 101097 HEG4_chr10_2404092_2868093 19896 20089 OG_10_2247279_2720175
204 85.00 264777 265015 HEG4_chr10_2404092_2868093 248549 248311 OG_10_2247279_2720175
204 100.00 151692 151794 HEG4_chr10_2404092_2868093 261009 260907 OG_10_2247279_2720175
202 86.00 265524 265759 HEG4_chr10_2404092_2868093 248319 248550 OG_10_2247279_2720175
202 88.00 276572 276774 HEG4_chr10_2404092_2868093 284218 284018 OG_10_2247279_2720175
202 91.00 421007 421164 HEG4_chr10_2404092_2868093 407299 407142 OG_10_2247279_2720175
200 87.00 159947 160173 HEG4_chr10_2404092_2868093 143406 143633 OG_10_2247279_2720175
200 96.00 212552 212668 HEG4_chr10_2404092_2868093 185492 185376 OG_10_2247279_2720175
200 87.00 165774 165984 HEG4_chr10_2404092_2868093 200420 200627 OG_10_2247279_2720175
200 87.00 199962 200169 HEG4_chr10_2404092_2868093 246624 246834 OG_10_2247279_2720175
200 91.00 423304 423460 HEG4_chr10_2404092_2868093 263539 263383 OG_10_2247279_2720175
200 94.00 381459 381587 HEG4_chr10_2404092_2868093 368727 368855 OG_10_2247279_2720175
198 89.00 185295 185482 HEG4_chr10_2404092_2868093 1473 1286 OG_10_2247279_2720175
198 96.00 244822 244937 HEG4_chr10_2404092_2868093 179878 179763 OG_10_2247279_2720175
198 93.00 212388 212532 HEG4_chr10_2404092_2868093 187446 187304 OG_10_2247279_2720175
198 88.00 417086 417273 HEG4_chr10_2404092_2868093 411176 410989 OG_10_2247279_2720175
196 89.00 442657 442838 HEG4_chr10_2404092_2868093 1474 1296 OG_10_2247279_2720175
194 92.00 240051 240191 HEG4_chr10_2404092_2868093 9796 9655 OG_10_2247279_2720175
194 88.00 287733 287944 HEG4_chr10_2404092_2868093 366334 366123 OG_10_2247279_2720175
192 93.00 333621 333757 HEG4_chr10_2404092_2868093 215254 215119 OG_10_2247279_2720175
192 86.00 114333 114560 HEG4_chr10_2404092_2868093 252672 252446 OG_10_2247279_2720175
192 95.00 347129 347249 HEG4_chr10_2404092_2868093 352669 352549 OG_10_2247279_2720175
192 88.00 356746 356947 HEG4_chr10_2404092_2868093 361103 361301 OG_10_2247279_2720175
190 85.00 393835 394079 HEG4_chr10_2404092_2868093 377851 378092 OG_10_2247279_2720175
190 87.00 167247 167463 HEG4_chr10_2404092_2868093 469294 469510 OG_10_2247279_2720175
188 88.00 240246 240431 HEG4_chr10_2404092_2868093 9595 9409 OG_10_2247279_2720175
188 91.00 14561 14711 HEG4_chr10_2404092_2868093 73133 73282 OG_10_2247279_2720175
188 81.00 98828 99167 HEG4_chr10_2404092_2868093 136214 136534 OG_10_2247279_2720175
188 91.00 166111 166253 HEG4_chr10_2404092_2868093 200772 200914 OG_10_2247279_2720175
188 84.00 305633 305860 HEG4_chr10_2404092_2868093 252446 252685 OG_10_2247279_2720175
188 92.00 337676 337814 HEG4_chr10_2404092_2868093 263742 263880 OG_10_2247279_2720175
188 85.00 265517 265754 HEG4_chr10_2404092_2868093 314918 314684 OG_10_2247279_2720175
188 89.00 333604 333773 HEG4_chr10_2404092_2868093 451767 451934 OG_10_2247279_2720175
186 92.00 240051 240191 HEG4_chr10_2404092_2868093 18288 18147 OG_10_2247279_2720175
186 93.00 354969 355098 HEG4_chr10_2404092_2868093 380081 379952 OG_10_2247279_2720175
186 85.00 241221 241450 HEG4_chr10_2404092_2868093 445241 445470 OG_10_2247279_2720175
182 92.00 355699 355833 HEG4_chr10_2404092_2868093 379394 379257 OG_10_2247279_2720175
182 86.00 42407 42624 HEG4_chr10_2404092_2868093 451057 451277 OG_10_2247279_2720175
180 87.00 240246 240431 HEG4_chr10_2404092_2868093 18087 17901 OG_10_2247279_2720175
180 90.00 189207 189357 HEG4_chr10_2404092_2868093 208507 208657 OG_10_2247279_2720175
180 90.00 191907 192057 HEG4_chr10_2404092_2868093 211233 211383 OG_10_2247279_2720175
180 88.00 265533 265711 HEG4_chr10_2404092_2868093 215104 215276 OG_10_2247279_2720175
178 98.00 261985 262078 HEG4_chr10_2404092_2868093 271333 271426 OG_10_2247279_2720175
178 85.00 314082 314310 HEG4_chr10_2404092_2868093 334178 334407 OG_10_2247279_2720175
178 90.00 185365 185517 HEG4_chr10_2404092_2868093 334247 334400 OG_10_2247279_2720175
178 96.00 393640 393745 HEG4_chr10_2404092_2868093 377563 377668 OG_10_2247279_2720175
178 85.00 260651 260872 HEG4_chr10_2404092_2868093 451277 451057 OG_10_2247279_2720175
176 93.00 213804 213924 HEG4_chr10_2404092_2868093 181392 181272 OG_10_2247279_2720175
176 88.00 265586 265757 HEG4_chr10_2404092_2868093 334344 334175 OG_10_2247279_2720175
176 87.00 2948 3143 HEG4_chr10_2404092_2868093 451252 451057 OG_10_2247279_2720175
174 87.00 140719 140913 HEG4_chr10_2404092_2868093 57109 57300 OG_10_2247279_2720175
174 93.00 79337 79447 HEG4_chr10_2404092_2868093 99873 99988 OG_10_2247279_2720175
174 91.00 173512 173653 HEG4_chr10_2404092_2868093 237210 237355 OG_10_2247279_2720175
174 89.00 173508 173662 HEG4_chr10_2404092_2868093 285213 285061 OG_10_2247279_2720175
174 83.00 159941 160173 HEG4_chr10_2404092_2868093 306583 306363 OG_10_2247279_2720175
172 84.00 143697 143947 HEG4_chr10_2404092_2868093 52362 52609 OG_10_2247279_2720175
172 80.00 107116 107436 HEG4_chr10_2404092_2868093 129486 129825 OG_10_2247279_2720175
172 86.00 461869 462084 HEG4_chr10_2404092_2868093 245354 245139 OG_10_2247279_2720175
172 89.00 340490 340636 HEG4_chr10_2404092_2868093 341018 340872 OG_10_2247279_2720175
172 83.00 427198 427478 HEG4_chr10_2404092_2868093 451308 451606 OG_10_2247279_2720175
170 88.00 442675 442836 HEG4_chr10_2404092_2868093 215307 215149 OG_10_2247279_2720175
168 85.00 207276 207507 HEG4_chr10_2404092_2868093 273905 273674 OG_10_2247279_2720175
168 86.00 372456 372654 HEG4_chr10_2404092_2868093 356482 356683 OG_10_2247279_2720175
168 84.00 2583 2807 HEG4_chr10_2404092_2868093 451280 451057 OG_10_2247279_2720175
167 88.00 98600 98770 HEG4_chr10_2404092_2868093 136027 136203 OG_10_2247279_2720175
167 89.00 185372 185515 HEG4_chr10_2404092_2868093 248471 248328 OG_10_2247279_2720175
167 89.00 22762 22908 HEG4_chr10_2404092_2868093 309974 310121 OG_10_2247279_2720175
167 91.00 39560 39691 HEG4_chr10_2404092_2868093 394235 394365 OG_10_2247279_2720175
165 88.00 314095 314260 HEG4_chr10_2404092_2868093 1456 1294 OG_10_2247279_2720175
165 81.00 230151 230518 HEG4_chr10_2404092_2868093 41778 42150 OG_10_2247279_2720175
165 90.00 87420 87550 HEG4_chr10_2404092_2868093 117975 118105 OG_10_2247279_2720175
165 83.00 88517 88803 HEG4_chr10_2404092_2868093 120290 120009 OG_10_2247279_2720175
165 86.00 442657 442838 HEG4_chr10_2404092_2868093 248550 248371 OG_10_2247279_2720175
165 85.00 364235 364432 HEG4_chr10_2404092_2868093 361103 361301 OG_10_2247279_2720175
165 86.00 110247 110455 HEG4_chr10_2404092_2868093 409064 408855 OG_10_2247279_2720175
165 87.00 185333 185500 HEG4_chr10_2404092_2868093 451748 451918 OG_10_2247279_2720175
163 85.00 114333 114549 HEG4_chr10_2404092_2868093 51952 51736 OG_10_2247279_2720175
163 83.00 140684 140913 HEG4_chr10_2404092_2868093 165475 165246 OG_10_2247279_2720175
163 86.00 261002 261179 HEG4_chr10_2404092_2868093 179002 178825 OG_10_2247279_2720175
163 85.00 207285 207491 HEG4_chr10_2404092_2868093 215104 215308 OG_10_2247279_2720175
163 90.00 259272 259408 HEG4_chr10_2404092_2868093 275250 275116 OG_10_2247279_2720175
163 86.00 386039 386235 HEG4_chr10_2404092_2868093 336126 336319 OG_10_2247279_2720175
163 92.00 423356 423473 HEG4_chr10_2404092_2868093 412904 412787 OG_10_2247279_2720175
161 94.00 94847 94951 HEG4_chr10_2404092_2868093 9655 9759 OG_10_2247279_2720175
161 94.00 94847 94951 HEG4_chr10_2404092_2868093 18147 18251 OG_10_2247279_2720175
161 87.00 63223 63379 HEG4_chr10_2404092_2868093 92984 93140 OG_10_2247279_2720175
161 90.00 442703 442838 HEG4_chr10_2404092_2868093 273720 273853 OG_10_2247279_2720175
161 94.00 101146 101250 HEG4_chr10_2404092_2868093 309909 309805 OG_10_2247279_2720175
159 88.00 241932 242075 HEG4_chr10_2404092_2868093 9413 9270 OG_10_2247279_2720175
159 89.00 22762 22908 HEG4_chr10_2404092_2868093 135129 134982 OG_10_2247279_2720175
159 88.00 82905 83069 HEG4_chr10_2404092_2868093 238922 239087 OG_10_2247279_2720175
159 88.00 276651 276803 HEG4_chr10_2404092_2868093 238934 239088 OG_10_2247279_2720175
159 86.00 22764 22957 HEG4_chr10_2404092_2868093 243013 243207 OG_10_2247279_2720175
159 85.00 185312 185515 HEG4_chr10_2404092_2868093 273691 273896 OG_10_2247279_2720175
159 98.00 276509 276592 HEG4_chr10_2404092_2868093 284892 284975 OG_10_2247279_2720175
159 88.00 82918 83069 HEG4_chr10_2404092_2868093 285062 285212 OG_10_2247279_2720175
159 84.00 333565 333788 HEG4_chr10_2404092_2868093 314697 314918 OG_10_2247279_2720175
159 88.00 169178 169328 HEG4_chr10_2404092_2868093 334185 334336 OG_10_2247279_2720175
159 84.00 242115 242363 HEG4_chr10_2404092_2868093 366332 366083 OG_10_2247279_2720175
157 86.00 358377 358547 HEG4_chr10_2404092_2868093 93523 93693 OG_10_2247279_2720175
157 90.00 306440 306574 HEG4_chr10_2404092_2868093 306917 306784 OG_10_2247279_2720175
157 85.00 395564 395765 HEG4_chr10_2404092_2868093 336319 336121 OG_10_2247279_2720175
157 85.00 335494 335692 HEG4_chr10_2404092_2868093 355723 355924 OG_10_2247279_2720175
155 92.00 333606 333718 HEG4_chr10_2404092_2868093 1416 1306 OG_10_2247279_2720175
155 95.00 96612 96705 HEG4_chr10_2404092_2868093 191724 191631 OG_10_2247279_2720175
155 84.00 164077 164306 HEG4_chr10_2404092_2868093 273674 273905 OG_10_2247279_2720175
155 85.00 335499 335692 HEG4_chr10_2404092_2868093 379687 379491 OG_10_2247279_2720175
153 94.00 101146 101242 HEG4_chr10_2404092_2868093 20126 20222 OG_10_2247279_2720175
153 86.00 247379 247528 HEG4_chr10_2404092_2868093 178804 178655 OG_10_2247279_2720175
153 93.00 199713 199817 HEG4_chr10_2404092_2868093 246384 246488 OG_10_2247279_2720175
151 88.00 304480 304631 HEG4_chr10_2404092_2868093 83997 83847 OG_10_2247279_2720175
151 82.00 367315 367570 HEG4_chr10_2404092_2868093 121765 122020 OG_10_2247279_2720175
151 89.00 314155 314286 HEG4_chr10_2404092_2868093 215250 215119 OG_10_2247279_2720175
151 89.00 442703 442838 HEG4_chr10_2404092_2868093 314725 314859 OG_10_2247279_2720175
151 85.00 335497 335692 HEG4_chr10_2404092_2868093 371762 371960 OG_10_2247279_2720175
149 83.00 22772 23004 HEG4_chr10_2404092_2868093 100381 100147 OG_10_2247279_2720175
149 89.00 185341 185474 HEG4_chr10_2404092_2868093 314725 314861 OG_10_2247279_2720175
149 84.00 371231 371432 HEG4_chr10_2404092_2868093 336121 336319 OG_10_2247279_2720175
149 89.00 442839 442965 HEG4_chr10_2404092_2868093 394236 394362 OG_10_2247279_2720175
147 86.00 106928 107105 HEG4_chr10_2404092_2868093 129258 129428 OG_10_2247279_2720175
147 84.00 254391 254584 HEG4_chr10_2404092_2868093 164174 163981 OG_10_2247279_2720175
147 84.00 140339 140532 HEG4_chr10_2404092_2868093 171509 171702 OG_10_2247279_2720175
147 85.00 264823 264998 HEG4_chr10_2404092_2868093 215277 215104 OG_10_2247279_2720175
147 90.00 169203 169328 HEG4_chr10_2404092_2868093 314717 314841 OG_10_2247279_2720175
147 89.00 442703 442828 HEG4_chr10_2404092_2868093 334219 334344 OG_10_2247279_2720175
147 87.00 234433 234582 HEG4_chr10_2404092_2868093 376728 376877 OG_10_2247279_2720175
145 84.00 2948 3151 HEG4_chr10_2404092_2868093 165450 165246 OG_10_2247279_2720175
145 89.00 266770 266895 HEG4_chr10_2404092_2868093 166712 166839 OG_10_2247279_2720175
145 93.00 333610 333710 HEG4_chr10_2404092_2868093 243364 243264 OG_10_2247279_2720175
145 86.00 333628 333788 HEG4_chr10_2404092_2868093 248471 248312 OG_10_2247279_2720175
145 94.00 81627 81719 HEG4_chr10_2404092_2868093 285154 285062 OG_10_2247279_2720175
145 81.00 413390 413634 HEG4_chr10_2404092_2868093 392822 393068 OG_10_2247279_2720175
143 87.00 241932 242075 HEG4_chr10_2404092_2868093 17905 17762 OG_10_2247279_2720175
143 86.00 61908 62059 HEG4_chr10_2404092_2868093 114668 114819 OG_10_2247279_2720175
143 82.00 2583 2834 HEG4_chr10_2404092_2868093 164323 164574 OG_10_2247279_2720175
143 88.00 164155 164297 HEG4_chr10_2404092_2868093 215247 215104 OG_10_2247279_2720175
143 91.00 149206 149317 HEG4_chr10_2404092_2868093 263148 263259 OG_10_2247279_2720175
143 85.00 264831 265019 HEG4_chr10_2404092_2868093 451765 451954 OG_10_2247279_2720175
141 98.00 138974 139052 HEG4_chr10_2404092_2868093 162701 162778 OG_10_2247279_2720175
141 95.00 185368 185454 HEG4_chr10_2404092_2868093 243350 243264 OG_10_2247279_2720175
141 88.00 446561 446695 HEG4_chr10_2404092_2868093 275116 275250 OG_10_2247279_2720175
141 90.00 82919 83044 HEG4_chr10_2404092_2868093 284140 284015 OG_10_2247279_2720175
141 84.00 355402 355603 HEG4_chr10_2404092_2868093 336121 336319 OG_10_2247279_2720175
139 84.00 331770 331947 HEG4_chr10_2404092_2868093 102465 102642 OG_10_2247279_2720175
139 88.00 63237 63366 HEG4_chr10_2404092_2868093 115936 116065 OG_10_2247279_2720175
139 94.00 127795 127888 HEG4_chr10_2404092_2868093 152507 152599 OG_10_2247279_2720175
139 82.00 260651 260880 HEG4_chr10_2404092_2868093 164326 164555 OG_10_2247279_2720175
139 87.00 81567 81711 HEG4_chr10_2404092_2868093 237210 237355 OG_10_2247279_2720175
139 88.00 314115 314240 HEG4_chr10_2404092_2868093 243389 243264 OG_10_2247279_2720175
139 89.00 442703 442820 HEG4_chr10_2404092_2868093 243381 243264 OG_10_2247279_2720175
137 86.00 84321 84465 HEG4_chr10_2404092_2868093 91556 91700 OG_10_2247279_2720175
137 83.00 423314 423506 HEG4_chr10_2404092_2868093 263140 263323 OG_10_2247279_2720175
137 84.00 207316 207506 HEG4_chr10_2404092_2868093 334367 334175 OG_10_2247279_2720175
137 96.00 381587 381667 HEG4_chr10_2404092_2868093 370849 370929 OG_10_2247279_2720175
137 86.00 442151 442295 HEG4_chr10_2404092_2868093 466460 466316 OG_10_2247279_2720175
135 87.00 22762 22908 HEG4_chr10_2404092_2868093 20094 19947 OG_10_2247279_2720175
135 87.00 442168 442299 HEG4_chr10_2404092_2868093 165071 164940 OG_10_2247279_2720175
135 87.00 225373 225513 HEG4_chr10_2404092_2868093 257502 257633 OG_10_2247279_2720175
135 90.00 149467 149578 HEG4_chr10_2404092_2868093 263410 263521 OG_10_2247279_2720175
133 87.00 266756 266890 HEG4_chr10_2404092_2868093 275250 275116 OG_10_2247279_2720175
133 86.00 324970 325127 HEG4_chr10_2404092_2868093 371010 370853 OG_10_2247279_2720175
133 91.00 423916 424022 HEG4_chr10_2404092_2868093 413247 413142 OG_10_2247279_2720175
133 85.00 434589 434751 HEG4_chr10_2404092_2868093 453954 454115 OG_10_2247279_2720175
131 88.00 207326 207457 HEG4_chr10_2404092_2868093 1294 1424 OG_10_2247279_2720175
131 91.00 101146 101243 HEG4_chr10_2404092_2868093 100409 100506 OG_10_2247279_2720175
131 79.00 59584 59924 HEG4_chr10_2404092_2868093 114306 114655 OG_10_2247279_2720175
131 97.00 103013 103086 HEG4_chr10_2404092_2868093 132894 132967 OG_10_2247279_2720175
131 94.00 169243 169328 HEG4_chr10_2404092_2868093 215250 215165 OG_10_2247279_2720175
131 86.00 276660 276799 HEG4_chr10_2404092_2868093 237355 237210 OG_10_2247279_2720175
131 86.00 82926 83066 HEG4_chr10_2404092_2868093 237355 237210 OG_10_2247279_2720175
131 88.00 265604 265721 HEG4_chr10_2404092_2868093 243272 243389 OG_10_2247279_2720175
131 90.00 265823 265928 HEG4_chr10_2404092_2868093 243379 243274 OG_10_2247279_2720175
131 84.00 333604 333788 HEG4_chr10_2404092_2868093 273731 273912 OG_10_2247279_2720175
131 89.00 174779 174903 HEG4_chr10_2404092_2868093 285062 285186 OG_10_2247279_2720175
129 87.00 265566 265708 HEG4_chr10_2404092_2868093 1286 1424 OG_10_2247279_2720175
129 83.00 273307 273478 HEG4_chr10_2404092_2868093 102464 102646 OG_10_2247279_2720175
129 88.00 39564 39692 HEG4_chr10_2404092_2868093 112553 112426 OG_10_2247279_2720175
129 84.00 42383 42564 HEG4_chr10_2404092_2868093 164571 164388 OG_10_2247279_2720175
129 83.00 335500 335692 HEG4_chr10_2404092_2868093 360362 360557 OG_10_2247279_2720175
129 90.00 149240 149344 HEG4_chr10_2404092_2868093 412904 412800 OG_10_2247279_2720175
127 82.00 44473 44685 HEG4_chr10_2404092_2868093 87807 88025 OG_10_2247279_2720175
127 97.00 103093 103164 HEG4_chr10_2404092_2868093 132896 132967 OG_10_2247279_2720175
127 82.00 305633 305859 HEG4_chr10_2404092_2868093 143633 143394 OG_10_2247279_2720175
127 97.00 370336 370407 HEG4_chr10_2404092_2868093 359639 359710 OG_10_2247279_2720175
127 84.00 91942 92179 HEG4_chr10_2404092_2868093 366323 366084 OG_10_2247279_2720175
127 93.00 363055 363145 HEG4_chr10_2404092_2868093 371353 371441 OG_10_2247279_2720175
127 93.00 370792 370882 HEG4_chr10_2404092_2868093 371353 371441 OG_10_2247279_2720175
127 95.00 370811 370890 HEG4_chr10_2404092_2868093 380105 380026 OG_10_2247279_2720175
127 95.00 363074 363153 HEG4_chr10_2404092_2868093 380105 380026 OG_10_2247279_2720175
127 91.00 149188 149283 HEG4_chr10_2404092_2868093 412688 412783 OG_10_2247279_2720175
127 89.00 207336 207454 HEG4_chr10_2404092_2868093 451883 451764 OG_10_2247279_2720175
125 87.00 127172 127284 HEG4_chr10_2404092_2868093 159953 160075 OG_10_2247279_2720175
125 89.00 275623 275740 HEG4_chr10_2404092_2868093 237237 237355 OG_10_2247279_2720175
125 82.00 114322 114560 HEG4_chr10_2404092_2868093 306588 306363 OG_10_2247279_2720175
125 82.00 372445 372746 HEG4_chr10_2404092_2868093 372552 372859 OG_10_2247279_2720175
125 86.00 48972 49122 HEG4_chr10_2404092_2868093 434665 434814 OG_10_2247279_2720175
123 84.00 264777 264958 HEG4_chr10_2404092_2868093 1473 1293 OG_10_2247279_2720175
123 83.00 260686 260882 HEG4_chr10_2404092_2868093 57109 57302 OG_10_2247279_2720175
123 79.00 216178 216469 HEG4_chr10_2404092_2868093 178767 178496 OG_10_2247279_2720175
123 84.00 212663 212809 HEG4_chr10_2404092_2868093 181788 181653 OG_10_2247279_2720175
123 85.00 171076 171232 HEG4_chr10_2404092_2868093 241115 241269 OG_10_2247279_2720175
123 89.00 207346 207458 HEG4_chr10_2404092_2868093 243264 243377 OG_10_2247279_2720175
123 90.00 336142 336246 HEG4_chr10_2404092_2868093 248319 248424 OG_10_2247279_2720175
123 85.00 173507 173660 HEG4_chr10_2404092_2868093 283980 284140 OG_10_2247279_2720175
123 97.00 39626 39695 HEG4_chr10_2404092_2868093 333716 333647 OG_10_2247279_2720175
123 85.00 164078 164243 HEG4_chr10_2404092_2868093 334175 334343 OG_10_2247279_2720175
121 88.00 434089 434201 HEG4_chr10_2404092_2868093 36658 36546 OG_10_2247279_2720175
121 82.00 305655 305847 HEG4_chr10_2404092_2868093 51747 51952 OG_10_2247279_2720175
121 88.00 100535 100643 HEG4_chr10_2404092_2868093 138984 139092 OG_10_2247279_2720175
121 87.00 446556 446681 HEG4_chr10_2404092_2868093 166839 166712 OG_10_2247279_2720175
121 84.00 212780 212936 HEG4_chr10_2404092_2868093 178231 178075 OG_10_2247279_2720175
121 87.00 275623 275747 HEG4_chr10_2404092_2868093 239060 238936 OG_10_2247279_2720175
121 82.00 273308 273479 HEG4_chr10_2404092_2868093 332441 332623 OG_10_2247279_2720175
121 83.00 404207 404385 HEG4_chr10_2404092_2868093 336142 336317 OG_10_2247279_2720175
121 93.00 444539 444620 HEG4_chr10_2404092_2868093 418078 418163 OG_10_2247279_2720175
119 88.00 265796 265915 HEG4_chr10_2404092_2868093 1453 1335 OG_10_2247279_2720175
119 90.00 62948 63043 HEG4_chr10_2404092_2868093 115656 115751 OG_10_2247279_2720175
119 85.00 418577 418724 HEG4_chr10_2404092_2868093 140197 140051 OG_10_2247279_2720175
119 85.00 264777 264937 HEG4_chr10_2404092_2868093 243425 243264 OG_10_2247279_2720175
119 82.00 314115 314317 HEG4_chr10_2404092_2868093 273712 273912 OG_10_2247279_2720175
119 89.00 336131 336241 HEG4_chr10_2404092_2868093 273916 273805 OG_10_2247279_2720175
119 85.00 81563 81718 HEG4_chr10_2404092_2868093 283981 284140 OG_10_2247279_2720175
119 82.00 39890 40077 HEG4_chr10_2404092_2868093 333510 333306 OG_10_2247279_2720175
117 83.00 2625 2814 HEG4_chr10_2404092_2868093 57113 57299 OG_10_2247279_2720175
117 90.00 16195 16297 HEG4_chr10_2404092_2868093 61852 61953 OG_10_2247279_2720175
117 86.00 39572 39702 HEG4_chr10_2404092_2868093 283065 282935 OG_10_2247279_2720175
117 81.00 353124 353311 HEG4_chr10_2404092_2868093 352853 352678 OG_10_2247279_2720175
117 91.00 385618 385714 HEG4_chr10_2404092_2868093 359901 359996 OG_10_2247279_2720175
115 83.00 42402 42592 HEG4_chr10_2404092_2868093 57297 57106 OG_10_2247279_2720175
115 88.00 81563 81683 HEG4_chr10_2404092_2868093 102120 102000 OG_10_2247279_2720175
115 88.00 174814 174931 HEG4_chr10_2404092_2868093 102000 102116 OG_10_2247279_2720175
115 92.00 450752 450833 HEG4_chr10_2404092_2868093 109613 109532 OG_10_2247279_2720175
115 86.00 132415 132546 HEG4_chr10_2404092_2868093 146847 146970 OG_10_2247279_2720175
115 86.00 122567 122690 HEG4_chr10_2404092_2868093 156267 156398 OG_10_2247279_2720175
115 93.00 336133 336210 HEG4_chr10_2404092_2868093 248550 248473 OG_10_2247279_2720175
115 94.00 96610 96683 HEG4_chr10_2404092_2868093 274312 274385 OG_10_2247279_2720175
115 86.00 259269 259405 HEG4_chr10_2404092_2868093 275116 275250 OG_10_2247279_2720175
115 88.00 394172 394289 HEG4_chr10_2404092_2868093 378132 378248 OG_10_2247279_2720175
115 94.00 394360 394436 HEG4_chr10_2404092_2868093 378263 378340 OG_10_2247279_2720175
115 86.00 265561 265705 HEG4_chr10_2404092_2868093 451905 451764 OG_10_2247279_2720175
113 88.00 439073 439192 HEG4_chr10_2404092_2868093 18674 18793 OG_10_2247279_2720175
113 87.00 259286 259410 HEG4_chr10_2404092_2868093 166712 166836 OG_10_2247279_2720175
113 90.00 336151 336246 HEG4_chr10_2404092_2868093 215104 215200 OG_10_2247279_2720175
113 93.00 207268 207344 HEG4_chr10_2404092_2868093 248549 248473 OG_10_2247279_2720175
113 95.00 164246 164314 HEG4_chr10_2404092_2868093 248481 248549 OG_10_2247279_2720175
113 88.00 423523 423627 HEG4_chr10_2404092_2868093 263383 263487 OG_10_2247279_2720175
113 86.00 233532 233656 HEG4_chr10_2404092_2868093 376877 376753 OG_10_2247279_2720175
111 86.00 442842 442965 HEG4_chr10_2404092_2868093 112553 112430 OG_10_2247279_2720175
111 94.00 104497 104568 HEG4_chr10_2404092_2868093 132896 132967 OG_10_2247279_2720175
111 85.00 442151 442290 HEG4_chr10_2404092_2868093 178967 178828 OG_10_2247279_2720175
111 83.00 81563 81741 HEG4_chr10_2404092_2868093 239088 238913 OG_10_2247279_2720175
111 81.00 386728 387017 HEG4_chr10_2404092_2868093 361092 361378 OG_10_2247279_2720175
111 82.00 234350 234583 HEG4_chr10_2404092_2868093 374195 373961 OG_10_2247279_2720175
111 84.00 335547 335690 HEG4_chr10_2404092_2868093 386586 386729 OG_10_2247279_2720175
111 94.00 333006 333077 HEG4_chr10_2404092_2868093 394365 394294 OG_10_2247279_2720175
109 100.00 134893 134947 HEG4_chr10_2404092_2868093 21645 21699 OG_10_2247279_2720175
109 100.00 134895 134949 HEG4_chr10_2404092_2868093 21645 21699 OG_10_2247279_2720175
109 100.00 134896 134950 HEG4_chr10_2404092_2868093 21699 21645 OG_10_2247279_2720175
109 100.00 134894 134948 HEG4_chr10_2404092_2868093 21699 21645 OG_10_2247279_2720175
109 100.00 134892 134946 HEG4_chr10_2404092_2868093 21699 21645 OG_10_2247279_2720175
109 87.00 274296 274410 HEG4_chr10_2404092_2868093 85243 85124 OG_10_2247279_2720175
109 92.00 102935 103013 HEG4_chr10_2404092_2868093 133592 133670 OG_10_2247279_2720175
109 86.00 266750 266873 HEG4_chr10_2404092_2868093 166837 166712 OG_10_2247279_2720175
109 92.00 265514 265592 HEG4_chr10_2404092_2868093 248551 248473 OG_10_2247279_2720175
109 85.00 461870 462009 HEG4_chr10_2404092_2868093 328660 328527 OG_10_2247279_2720175
107 92.00 169228 169305 HEG4_chr10_2404092_2868093 1412 1335 OG_10_2247279_2720175
107 100.00 134897 134950 HEG4_chr10_2404092_2868093 21645 21698 OG_10_2247279_2720175
107 100.00 134892 134945 HEG4_chr10_2404092_2868093 21646 21699 OG_10_2247279_2720175
107 84.00 89449 89606 HEG4_chr10_2404092_2868093 118855 118693 OG_10_2247279_2720175
107 85.00 440244 440394 HEG4_chr10_2404092_2868093 265057 264910 OG_10_2247279_2720175
107 85.00 352404 352537 HEG4_chr10_2404092_2868093 353551 353418 OG_10_2247279_2720175
107 85.00 265796 265925 HEG4_chr10_2404092_2868093 451731 451860 OG_10_2247279_2720175
105 93.00 440301 440373 HEG4_chr10_2404092_2868093 97332 97404 OG_10_2247279_2720175
105 92.00 336248 336324 HEG4_chr10_2404092_2868093 334275 334199 OG_10_2247279_2720175
105 89.00 386540 386629 HEG4_chr10_2404092_2868093 372392 372485 OG_10_2247279_2720175
105 92.00 391488 391564 HEG4_chr10_2404092_2868093 377664 377740 OG_10_2247279_2720175
105 83.00 164076 164243 HEG4_chr10_2404092_2868093 451710 451880 OG_10_2247279_2720175
105 87.00 169220 169328 HEG4_chr10_2404092_2868093 451765 451873 OG_10_2247279_2720175
103 93.00 354864 354938 HEG4_chr10_2404092_2868093 132311 132239 OG_10_2247279_2720175
103 93.00 103171 103242 HEG4_chr10_2404092_2868093 132896 132967 OG_10_2247279_2720175
103 93.00 103249 103320 HEG4_chr10_2404092_2868093 132896 132967 OG_10_2247279_2720175
103 93.00 103327 103398 HEG4_chr10_2404092_2868093 132896 132967 OG_10_2247279_2720175
103 93.00 103405 103476 HEG4_chr10_2404092_2868093 132896 132967 OG_10_2247279_2720175
103 93.00 103483 103554 HEG4_chr10_2404092_2868093 132896 132967 OG_10_2247279_2720175
103 93.00 103561 103632 HEG4_chr10_2404092_2868093 132896 132967 OG_10_2247279_2720175
103 93.00 103639 103710 HEG4_chr10_2404092_2868093 132896 132967 OG_10_2247279_2720175
103 93.00 103717 103788 HEG4_chr10_2404092_2868093 132896 132967 OG_10_2247279_2720175
103 93.00 103795 103866 HEG4_chr10_2404092_2868093 132896 132967 OG_10_2247279_2720175
103 93.00 103873 103944 HEG4_chr10_2404092_2868093 132896 132967 OG_10_2247279_2720175
103 93.00 103951 104022 HEG4_chr10_2404092_2868093 132896 132967 OG_10_2247279_2720175
103 93.00 104029 104100 HEG4_chr10_2404092_2868093 132896 132967 OG_10_2247279_2720175
103 93.00 104107 104178 HEG4_chr10_2404092_2868093 132896 132967 OG_10_2247279_2720175
103 93.00 104185 104256 HEG4_chr10_2404092_2868093 132896 132967 OG_10_2247279_2720175
103 93.00 104263 104334 HEG4_chr10_2404092_2868093 132896 132967 OG_10_2247279_2720175
103 93.00 104341 104412 HEG4_chr10_2404092_2868093 132896 132967 OG_10_2247279_2720175
103 93.00 104419 104490 HEG4_chr10_2404092_2868093 132896 132967 OG_10_2247279_2720175
103 81.00 416426 416668 HEG4_chr10_2404092_2868093 252686 252444 OG_10_2247279_2720175
103 94.00 244311 244378 HEG4_chr10_2404092_2868093 310044 309977 OG_10_2247279_2720175
103 93.00 101647 101719 HEG4_chr10_2404092_2868093 355259 355185 OG_10_2247279_2720175
103 88.00 233557 233656 HEG4_chr10_2404092_2868093 373987 374086 OG_10_2247279_2720175
103 89.00 110849 110943 HEG4_chr10_2404092_2868093 408390 408300 OG_10_2247279_2720175
103 85.00 314131 314250 HEG4_chr10_2404092_2868093 451764 451883 OG_10_2247279_2720175
101 98.00 134871 134925 HEG4_chr10_2404092_2868093 21645 21699 OG_10_2247279_2720175
101 98.00 134873 134927 HEG4_chr10_2404092_2868093 21645 21699 OG_10_2247279_2720175
101 98.00 134875 134929 HEG4_chr10_2404092_2868093 21645 21699 OG_10_2247279_2720175
101 98.00 134877 134931 HEG4_chr10_2404092_2868093 21645 21699 OG_10_2247279_2720175
101 98.00 134879 134933 HEG4_chr10_2404092_2868093 21645 21699 OG_10_2247279_2720175
101 98.00 134881 134935 HEG4_chr10_2404092_2868093 21645 21699 OG_10_2247279_2720175
101 98.00 134883 134937 HEG4_chr10_2404092_2868093 21645 21699 OG_10_2247279_2720175
101 98.00 134885 134939 HEG4_chr10_2404092_2868093 21645 21699 OG_10_2247279_2720175
101 98.00 134887 134941 HEG4_chr10_2404092_2868093 21645 21699 OG_10_2247279_2720175
101 98.00 134886 134940 HEG4_chr10_2404092_2868093 21699 21645 OG_10_2247279_2720175
101 98.00 134884 134938 HEG4_chr10_2404092_2868093 21699 21645 OG_10_2247279_2720175
101 98.00 134882 134936 HEG4_chr10_2404092_2868093 21699 21645 OG_10_2247279_2720175
101 98.00 134880 134934 HEG4_chr10_2404092_2868093 21699 21645 OG_10_2247279_2720175
101 98.00 134878 134932 HEG4_chr10_2404092_2868093 21699 21645 OG_10_2247279_2720175
101 98.00 134876 134930 HEG4_chr10_2404092_2868093 21699 21645 OG_10_2247279_2720175
101 98.00 134874 134928 HEG4_chr10_2404092_2868093 21699 21645 OG_10_2247279_2720175
101 98.00 134872 134926 HEG4_chr10_2404092_2868093 21699 21645 OG_10_2247279_2720175
101 88.00 410523 410617 HEG4_chr10_2404092_2868093 37373 37467 OG_10_2247279_2720175
101 84.00 443924 444062 HEG4_chr10_2404092_2868093 85985 86123 OG_10_2247279_2720175
101 85.00 173508 173625 HEG4_chr10_2404092_2868093 102120 102000 OG_10_2247279_2720175
101 90.00 388255 388340 HEG4_chr10_2404092_2868093 112553 112467 OG_10_2247279_2720175
101 100.00 125500 125550 HEG4_chr10_2404092_2868093 149830 149880 OG_10_2247279_2720175
101 100.00 133202 133252 HEG4_chr10_2404092_2868093 158716 158766 OG_10_2247279_2720175
101 92.00 389113 389183 HEG4_chr10_2404092_2868093 332510 332440 OG_10_2247279_2720175
101 88.00 354936 355027 HEG4_chr10_2404092_2868093 359912 360007 OG_10_2247279_2720175
101 89.00 442454 442540 HEG4_chr10_2404092_2868093 416624 416710 OG_10_2247279_2720175
99 98.00 134871 134924 HEG4_chr10_2404092_2868093 21698 21645 OG_10_2247279_2720175
99 91.00 259344 259417 HEG4_chr10_2404092_2868093 47543 47470 OG_10_2247279_2720175
99 91.00 266744 266817 HEG4_chr10_2404092_2868093 47470 47543 OG_10_2247279_2720175
99 86.00 377225 377346 HEG4_chr10_2404092_2868093 102000 102119 OG_10_2247279_2720175
99 88.00 247933 248026 HEG4_chr10_2404092_2868093 181648 181555 OG_10_2247279_2720175
99 83.00 171316 171470 HEG4_chr10_2404092_2868093 241354 241510 OG_10_2247279_2720175
99 86.00 265823 265928 HEG4_chr10_2404092_2868093 334221 334326 OG_10_2247279_2720175
99 86.00 363038 363156 HEG4_chr10_2404092_2868093 355240 355348 OG_10_2247279_2720175
99 86.00 370775 370893 HEG4_chr10_2404092_2868093 355240 355348 OG_10_2247279_2720175
99 95.00 394421 394482 HEG4_chr10_2404092_2868093 378177 378238 OG_10_2247279_2720175
97 96.00 412820 412876 HEG4_chr10_2404092_2868093 43849 43905 OG_10_2247279_2720175
97 92.00 44834 44902 HEG4_chr10_2404092_2868093 88177 88245 OG_10_2247279_2720175
97 80.00 44946 45166 HEG4_chr10_2404092_2868093 88292 88512 OG_10_2247279_2720175
97 84.00 22765 22907 HEG4_chr10_2404092_2868093 131755 131611 OG_10_2247279_2720175
97 88.00 419402 419490 HEG4_chr10_2404092_2868093 139551 139463 OG_10_2247279_2720175
97 90.00 265852 265928 HEG4_chr10_2404092_2868093 215251 215175 OG_10_2247279_2720175
97 89.00 265823 265915 HEG4_chr10_2404092_2868093 314727 314818 OG_10_2247279_2720175
97 87.00 306451 306552 HEG4_chr10_2404092_2868093 324153 324050 OG_10_2247279_2720175
97 86.00 417583 417687 HEG4_chr10_2404092_2868093 355824 355928 OG_10_2247279_2720175
97 90.00 149510 149586 HEG4_chr10_2404092_2868093 412774 412698 OG_10_2247279_2720175
97 90.00 398140 398221 HEG4_chr10_2404092_2868093 433558 433475 OG_10_2247279_2720175
95 88.00 59692 59779 HEG4_chr10_2404092_2868093 91413 91500 OG_10_2247279_2720175
95 83.00 275584 275712 HEG4_chr10_2404092_2868093 102120 102000 OG_10_2247279_2720175
95 86.00 276702 276804 HEG4_chr10_2404092_2868093 102014 102121 OG_10_2247279_2720175
95 84.00 74284 74411 HEG4_chr10_2404092_2868093 114557 114684 OG_10_2247279_2720175
95 89.00 418823 418910 HEG4_chr10_2404092_2868093 140043 139957 OG_10_2247279_2720175
95 90.00 314242 314317 HEG4_chr10_2404092_2868093 248473 248548 OG_10_2247279_2720175
95 90.00 305786 305861 HEG4_chr10_2404092_2868093 252518 252443 OG_10_2247279_2720175
95 90.00 142408 142487 HEG4_chr10_2404092_2868093 270320 270399 OG_10_2247279_2720175
95 92.00 265516 265590 HEG4_chr10_2404092_2868093 273674 273749 OG_10_2247279_2720175
95 92.00 355729 355796 HEG4_chr10_2404092_2868093 387727 387794 OG_10_2247279_2720175
95 92.00 363801 363868 HEG4_chr10_2404092_2868093 387727 387794 OG_10_2247279_2720175
95 94.00 420754 420825 HEG4_chr10_2404092_2868093 407552 407483 OG_10_2247279_2720175
95 96.00 371382 371437 HEG4_chr10_2404092_2868093 410752 410697 OG_10_2247279_2720175
95 92.00 311752 311819 HEG4_chr10_2404092_2868093 414267 414200 OG_10_2247279_2720175
95 92.00 311752 311819 HEG4_chr10_2404092_2868093 423702 423635 OG_10_2247279_2720175
95 83.00 429013 429156 HEG4_chr10_2404092_2868093 452592 452737 OG_10_2247279_2720175
95 86.00 440243 440364 HEG4_chr10_2404092_2868093 470305 470188 OG_10_2247279_2720175
93 98.00 259264 259314 HEG4_chr10_2404092_2868093 47599 47549 OG_10_2247279_2720175
93 89.00 22387 22465 HEG4_chr10_2404092_2868093 135582 135504 OG_10_2247279_2720175
93 98.00 134943 134993 HEG4_chr10_2404092_2868093 157050 157100 OG_10_2247279_2720175
93 85.00 446578 446697 HEG4_chr10_2404092_2868093 166712 166833 OG_10_2247279_2720175
93 84.00 169203 169328 HEG4_chr10_2404092_2868093 273712 273835 OG_10_2247279_2720175
93 83.00 363530 363675 HEG4_chr10_2404092_2868093 336177 336319 OG_10_2247279_2720175
93 88.00 405366 405452 HEG4_chr10_2404092_2868093 356040 356126 OG_10_2247279_2720175
93 98.00 372241 372291 HEG4_chr10_2404092_2868093 372418 372468 OG_10_2247279_2720175
93 89.00 435807 435889 HEG4_chr10_2404092_2868093 387812 387730 OG_10_2247279_2720175
93 90.00 412968 413044 HEG4_chr10_2404092_2868093 392733 392806 OG_10_2247279_2720175
93 93.00 39704 39766 HEG4_chr10_2404092_2868093 394303 394365 OG_10_2247279_2720175
93 89.00 311741 311819 HEG4_chr10_2404092_2868093 407146 407224 OG_10_2247279_2720175
93 89.00 405388 405470 HEG4_chr10_2404092_2868093 423694 423612 OG_10_2247279_2720175
93 83.00 48972 49122 HEG4_chr10_2404092_2868093 445312 445461 OG_10_2247279_2720175
91 91.00 185458 185531 HEG4_chr10_2404092_2868093 1400 1472 OG_10_2247279_2720175
91 91.00 64927 65000 HEG4_chr10_2404092_2868093 9727 9655 OG_10_2247279_2720175
91 91.00 64927 65000 HEG4_chr10_2404092_2868093 18219 18147 OG_10_2247279_2720175
91 100.00 259266 259311 HEG4_chr10_2404092_2868093 47476 47521 OG_10_2247279_2720175
91 86.00 416429 416526 HEG4_chr10_2404092_2868093 51963 51866 OG_10_2247279_2720175
91 84.00 82943 83068 HEG4_chr10_2404092_2868093 100112 99987 OG_10_2247279_2720175
91 84.00 127157 127284 HEG4_chr10_2404092_2868093 158716 158853 OG_10_2247279_2720175
91 89.00 264939 265016 HEG4_chr10_2404092_2868093 248473 248550 OG_10_2247279_2720175
91 93.00 336251 336312 HEG4_chr10_2404092_2868093 273773 273712 OG_10_2247279_2720175
91 82.00 442855 443002 HEG4_chr10_2404092_2868093 283060 282905 OG_10_2247279_2720175
91 93.00 386659 386720 HEG4_chr10_2404092_2868093 356371 356432 OG_10_2247279_2720175
91 91.00 4054 4123 HEG4_chr10_2404092_2868093 369321 369390 OG_10_2247279_2720175
91 93.00 420752 420825 HEG4_chr10_2404092_2868093 413867 413938 OG_10_2247279_2720175
89 88.00 159713 159793 HEG4_chr10_2404092_2868093 83710 83630 OG_10_2247279_2720175
89 80.00 274118 274299 HEG4_chr10_2404092_2868093 85466 85270 OG_10_2247279_2720175
89 92.00 273699 273763 HEG4_chr10_2404092_2868093 85737 85673 OG_10_2247279_2720175
89 85.00 82954 83069 HEG4_chr10_2404092_2868093 102000 102119 OG_10_2247279_2720175
89 100.00 134893 134937 HEG4_chr10_2404092_2868093 112332 112376 OG_10_2247279_2720175
89 100.00 134895 134939 HEG4_chr10_2404092_2868093 112332 112376 OG_10_2247279_2720175
89 100.00 134897 134941 HEG4_chr10_2404092_2868093 112332 112376 OG_10_2247279_2720175
89 100.00 134899 134943 HEG4_chr10_2404092_2868093 112332 112376 OG_10_2247279_2720175
89 100.00 134901 134945 HEG4_chr10_2404092_2868093 112332 112376 OG_10_2247279_2720175
89 100.00 134903 134947 HEG4_chr10_2404092_2868093 112332 112376 OG_10_2247279_2720175
89 100.00 134905 134949 HEG4_chr10_2404092_2868093 112332 112376 OG_10_2247279_2720175
89 100.00 134906 134950 HEG4_chr10_2404092_2868093 112376 112332 OG_10_2247279_2720175
89 100.00 134904 134948 HEG4_chr10_2404092_2868093 112376 112332 OG_10_2247279_2720175
89 100.00 134902 134946 HEG4_chr10_2404092_2868093 112376 112332 OG_10_2247279_2720175
89 100.00 134900 134944 HEG4_chr10_2404092_2868093 112376 112332 OG_10_2247279_2720175
89 100.00 134898 134942 HEG4_chr10_2404092_2868093 112376 112332 OG_10_2247279_2720175
89 100.00 134896 134940 HEG4_chr10_2404092_2868093 112376 112332 OG_10_2247279_2720175
89 100.00 134894 134938 HEG4_chr10_2404092_2868093 112376 112332 OG_10_2247279_2720175
89 100.00 134892 134936 HEG4_chr10_2404092_2868093 112376 112332 OG_10_2247279_2720175
89 89.00 145237 145313 HEG4_chr10_2404092_2868093 187216 187140 OG_10_2247279_2720175
89 97.00 210551 210599 HEG4_chr10_2404092_2868093 189278 189230 OG_10_2247279_2720175
89 95.00 185296 185356 HEG4_chr10_2404092_2868093 215088 215147 OG_10_2247279_2720175
89 88.00 22387 22467 HEG4_chr10_2404092_2868093 242553 242633 OG_10_2247279_2720175
89 92.00 336248 336312 HEG4_chr10_2404092_2868093 243325 243389 OG_10_2247279_2720175
89 84.00 323682 323798 HEG4_chr10_2404092_2868093 306767 306651 OG_10_2247279_2720175
89 85.00 336135 336246 HEG4_chr10_2404092_2868093 314918 314806 OG_10_2247279_2720175
89 92.00 336181 336246 HEG4_chr10_2404092_2868093 334368 334301 OG_10_2247279_2720175
89 85.00 436027 436131 HEG4_chr10_2404092_2868093 355928 355824 OG_10_2247279_2720175
89 84.00 274552 274680 HEG4_chr10_2404092_2868093 394362 394235 OG_10_2247279_2720175
89 93.00 424582 424652 HEG4_chr10_2404092_2868093 410158 410230 OG_10_2247279_2720175
87 87.00 164155 164256 HEG4_chr10_2404092_2868093 1394 1294 OG_10_2247279_2720175
87 85.00 439073 439191 HEG4_chr10_2404092_2868093 10182 10300 OG_10_2247279_2720175
87 90.00 266828 266899 HEG4_chr10_2404092_2868093 47541 47470 OG_10_2247279_2720175
87 90.00 446552 446623 HEG4_chr10_2404092_2868093 47470 47541 OG_10_2247279_2720175
87 86.00 62948 63043 HEG4_chr10_2404092_2868093 92717 92812 OG_10_2247279_2720175
87 94.00 244311 244366 HEG4_chr10_2404092_2868093 100321 100376 OG_10_2247279_2720175
87 100.00 134907 134950 HEG4_chr10_2404092_2868093 112332 112375 OG_10_2247279_2720175
87 94.00 244311 244366 HEG4_chr10_2404092_2868093 135059 135114 OG_10_2247279_2720175
87 91.00 244311 244378 HEG4_chr10_2404092_2868093 243081 243014 OG_10_2247279_2720175
87 85.00 462758 462876 HEG4_chr10_2404092_2868093 264937 265056 OG_10_2247279_2720175
87 91.00 417816 417883 HEG4_chr10_2404092_2868093 312348 312415 OG_10_2247279_2720175
87 100.00 435854 435897 HEG4_chr10_2404092_2868093 312391 312348 OG_10_2247279_2720175
87 86.00 306092 306203 HEG4_chr10_2404092_2868093 324048 324162 OG_10_2247279_2720175
87 91.00 435841 435908 HEG4_chr10_2404092_2868093 360734 360667 OG_10_2247279_2720175
87 97.00 364117 364164 HEG4_chr10_2404092_2868093 372483 372530 OG_10_2247279_2720175
87 91.00 356869 356940 HEG4_chr10_2404092_2868093 372685 372755 OG_10_2247279_2720175
87 93.00 418149 418218 HEG4_chr10_2404092_2868093 410230 410159 OG_10_2247279_2720175
87 94.00 386185 386240 HEG4_chr10_2404092_2868093 410752 410697 OG_10_2247279_2720175
87 94.00 395559 395614 HEG4_chr10_2404092_2868093 410697 410752 OG_10_2247279_2720175
87 100.00 428886 428929 HEG4_chr10_2404092_2868093 452391 452434 OG_10_2247279_2720175
87 87.00 435330 435417 HEG4_chr10_2404092_2868093 454844 454931 OG_10_2247279_2720175
87 87.00 450236 450334 HEG4_chr10_2404092_2868093 461020 460921 OG_10_2247279_2720175
85 90.00 358459 358533 HEG4_chr10_2404092_2868093 44355 44282 OG_10_2247279_2720175
85 83.00 377224 377345 HEG4_chr10_2404092_2868093 100102 99987 OG_10_2247279_2720175
85 85.00 109900 110008 HEG4_chr10_2404092_2868093 131194 131299 OG_10_2247279_2720175
85 82.00 122990 123143 HEG4_chr10_2404092_2868093 156771 156927 OG_10_2247279_2720175
85 85.00 443972 444070 HEG4_chr10_2404092_2868093 281837 281739 OG_10_2247279_2720175
85 87.00 389096 389182 HEG4_chr10_2404092_2868093 281825 281739 OG_10_2247279_2720175
85 84.00 174780 174931 HEG4_chr10_2404092_2868093 284140 283985 OG_10_2247279_2720175
85 86.00 446550 446649 HEG4_chr10_2404092_2868093 330632 330733 OG_10_2247279_2720175
85 92.00 39704 39766 HEG4_chr10_2404092_2868093 333713 333651 OG_10_2247279_2720175
85 92.00 442903 442965 HEG4_chr10_2404092_2868093 333716 333654 OG_10_2247279_2720175
85 94.00 421311 421365 HEG4_chr10_2404092_2868093 355929 355875 OG_10_2247279_2720175
85 89.00 354936 355016 HEG4_chr10_2404092_2868093 371357 371441 OG_10_2247279_2720175
85 94.00 356626 356680 HEG4_chr10_2404092_2868093 372478 372532 OG_10_2247279_2720175
85 88.00 435830 435908 HEG4_chr10_2404092_2868093 379302 379380 OG_10_2247279_2720175
85 92.00 405385 405447 HEG4_chr10_2404092_2868093 379364 379302 OG_10_2247279_2720175
85 94.00 417634 417688 HEG4_chr10_2404092_2868093 379540 379486 OG_10_2247279_2720175
85 94.00 421312 421366 HEG4_chr10_2404092_2868093 379487 379541 OG_10_2247279_2720175
85 87.00 405388 405470 HEG4_chr10_2404092_2868093 407165 407247 OG_10_2247279_2720175
85 89.00 423620 423702 HEG4_chr10_2404092_2868093 412776 412695 OG_10_2247279_2720175
85 89.00 423311 423392 HEG4_chr10_2404092_2868093 412979 412897 OG_10_2247279_2720175
85 87.00 405388 405470 HEG4_chr10_2404092_2868093 414259 414177 OG_10_2247279_2720175
83 94.00 89552 89605 HEG4_chr10_2404092_2868093 18948 19001 OG_10_2247279_2720175
83 96.00 88518 88567 HEG4_chr10_2404092_2868093 19001 18952 OG_10_2247279_2720175
83 97.00 434358 434403 HEG4_chr10_2404092_2868093 36610 36655 OG_10_2247279_2720175
83 96.00 259361 259410 HEG4_chr10_2404092_2868093 47547 47596 OG_10_2247279_2720175
83 83.00 58450 58580 HEG4_chr10_2404092_2868093 50500 50626 OG_10_2247279_2720175
83 90.00 331882 331947 HEG4_chr10_2404092_2868093 86030 85965 OG_10_2247279_2720175
83 96.00 58236 58285 HEG4_chr10_2404092_2868093 114048 114097 OG_10_2247279_2720175
83 89.00 26073 26153 HEG4_chr10_2404092_2868093 151667 151748 OG_10_2247279_2720175
83 86.00 3082 3171 HEG4_chr10_2404092_2868093 191636 191547 OG_10_2247279_2720175
83 87.00 140844 140929 HEG4_chr10_2404092_2868093 191636 191551 OG_10_2247279_2720175
83 82.00 166290 166423 HEG4_chr10_2404092_2868093 200963 201096 OG_10_2247279_2720175
83 96.00 336324 336373 HEG4_chr10_2404092_2868093 248499 248548 OG_10_2247279_2720175
83 88.00 416593 416670 HEG4_chr10_2404092_2868093 252610 252687 OG_10_2247279_2720175
83 91.00 226937 226998 HEG4_chr10_2404092_2868093 257694 257755 OG_10_2247279_2720175
83 85.00 331770 331871 HEG4_chr10_2404092_2868093 281739 281840 OG_10_2247279_2720175
83 87.00 416581 416666 HEG4_chr10_2404092_2868093 306448 306363 OG_10_2247279_2720175
83 84.00 305959 306064 HEG4_chr10_2404092_2868093 307313 307208 OG_10_2247279_2720175
83 85.00 443974 444071 HEG4_chr10_2404092_2868093 332537 332440 OG_10_2247279_2720175
83 89.00 265517 265590 HEG4_chr10_2404092_2868093 334175 334248 OG_10_2247279_2720175
83 89.00 421076 421149 HEG4_chr10_2404092_2868093 387795 387722 OG_10_2247279_2720175
83 83.00 79746 79874 HEG4_chr10_2404092_2868093 394236 394365 OG_10_2247279_2720175
81 89.00 446634 446706 HEG4_chr10_2404092_2868093 47543 47471 OG_10_2247279_2720175
81 92.00 266842 266898 HEG4_chr10_2404092_2868093 47546 47602 OG_10_2247279_2720175
81 86.00 143688 143780 HEG4_chr10_2404092_2868093 60629 60721 OG_10_2247279_2720175
81 97.00 134871 134915 HEG4_chr10_2404092_2868093 112332 112376 OG_10_2247279_2720175
81 97.00 134873 134917 HEG4_chr10_2404092_2868093 112332 112376 OG_10_2247279_2720175
81 97.00 134875 134919 HEG4_chr10_2404092_2868093 112332 112376 OG_10_2247279_2720175
81 97.00 134877 134921 HEG4_chr10_2404092_2868093 112332 112376 OG_10_2247279_2720175
81 97.00 134879 134923 HEG4_chr10_2404092_2868093 112332 112376 OG_10_2247279_2720175
81 97.00 134881 134925 HEG4_chr10_2404092_2868093 112332 112376 OG_10_2247279_2720175
81 97.00 134883 134927 HEG4_chr10_2404092_2868093 112332 112376 OG_10_2247279_2720175
81 97.00 134885 134929 HEG4_chr10_2404092_2868093 112332 112376 OG_10_2247279_2720175
81 97.00 134887 134931 HEG4_chr10_2404092_2868093 112332 112376 OG_10_2247279_2720175
81 97.00 134886 134930 HEG4_chr10_2404092_2868093 112376 112332 OG_10_2247279_2720175
81 97.00 134884 134928 HEG4_chr10_2404092_2868093 112376 112332 OG_10_2247279_2720175
81 97.00 134882 134926 HEG4_chr10_2404092_2868093 112376 112332 OG_10_2247279_2720175
81 97.00 134880 134924 HEG4_chr10_2404092_2868093 112376 112332 OG_10_2247279_2720175
81 97.00 134878 134922 HEG4_chr10_2404092_2868093 112376 112332 OG_10_2247279_2720175
81 97.00 134876 134920 HEG4_chr10_2404092_2868093 112376 112332 OG_10_2247279_2720175
81 97.00 134874 134918 HEG4_chr10_2404092_2868093 112376 112332 OG_10_2247279_2720175
81 97.00 134872 134916 HEG4_chr10_2404092_2868093 112376 112332 OG_10_2247279_2720175
81 81.00 74490 74652 HEG4_chr10_2404092_2868093 114751 114910 OG_10_2247279_2720175
81 88.00 416442 416526 HEG4_chr10_2404092_2868093 143408 143491 OG_10_2247279_2720175
81 85.00 212212 212321 HEG4_chr10_2404092_2868093 188181 188071 OG_10_2247279_2720175
81 87.00 42381 42461 HEG4_chr10_2404092_2868093 191549 191629 OG_10_2247279_2720175
81 89.00 274562 274634 HEG4_chr10_2404092_2868093 230491 230563 OG_10_2247279_2720175
81 92.00 377279 377343 HEG4_chr10_2404092_2868093 237273 237210 OG_10_2247279_2720175
81 86.00 266513 266605 HEG4_chr10_2404092_2868093 252585 252493 OG_10_2247279_2720175
81 88.00 142569 142649 HEG4_chr10_2404092_2868093 270481 270560 OG_10_2247279_2720175
81 83.00 366648 366776 HEG4_chr10_2404092_2868093 276292 276419 OG_10_2247279_2720175
81 87.00 314240 314320 HEG4_chr10_2404092_2868093 314758 314678 OG_10_2247279_2720175
81 90.00 264950 265014 HEG4_chr10_2404092_2868093 334239 334175 OG_10_2247279_2720175
81 84.00 425345 425449 HEG4_chr10_2404092_2868093 355928 355824 OG_10_2247279_2720175
81 91.00 436020 436080 HEG4_chr10_2404092_2868093 379480 379540 OG_10_2247279_2720175
81 87.00 388252 388339 HEG4_chr10_2404092_2868093 394236 394324 OG_10_2247279_2720175
81 94.00 395560 395612 HEG4_chr10_2404092_2868093 407028 406976 OG_10_2247279_2720175
81 94.00 386187 386239 HEG4_chr10_2404092_2868093 406976 407028 OG_10_2247279_2720175
81 87.00 363785 363865 HEG4_chr10_2404092_2868093 414278 414198 OG_10_2247279_2720175
81 87.00 355713 355793 HEG4_chr10_2404092_2868093 414278 414198 OG_10_2247279_2720175
81 87.00 363785 363865 HEG4_chr10_2404092_2868093 423713 423633 OG_10_2247279_2720175
81 87.00 355713 355793 HEG4_chr10_2404092_2868093 423713 423633 OG_10_2247279_2720175
81 85.00 434286 434379 HEG4_chr10_2404092_2868093 467191 467094 OG_10_2247279_2720175
81 87.00 330326 330418 HEG4_chr10_2404092_2868093 470225 470316 OG_10_2247279_2720175
79 89.00 244311 244378 HEG4_chr10_2404092_2868093 20024 20091 OG_10_2247279_2720175
79 82.00 412051 412224 HEG4_chr10_2404092_2868093 43512 43681 OG_10_2247279_2720175
79 92.00 266745 266800 HEG4_chr10_2404092_2868093 47602 47547 OG_10_2247279_2720175
79 88.00 38599 38678 HEG4_chr10_2404092_2868093 83168 83244 OG_10_2247279_2720175
79 97.00 134871 134914 HEG4_chr10_2404092_2868093 112375 112332 OG_10_2247279_2720175
79 92.00 412914 412969 HEG4_chr10_2404092_2868093 126426 126371 OG_10_2247279_2720175
79 95.00 412910 412957 HEG4_chr10_2404092_2868093 126579 126532 OG_10_2247279_2720175
79 92.00 244311 244366 HEG4_chr10_2404092_2868093 131688 131743 OG_10_2247279_2720175
79 92.00 442670 442725 HEG4_chr10_2404092_2868093 215099 215154 OG_10_2247279_2720175
79 81.00 4055 4206 HEG4_chr10_2404092_2868093 275116 275267 OG_10_2247279_2720175
79 83.00 181576 181691 HEG4_chr10_2404092_2868093 283031 282916 OG_10_2247279_2720175
79 91.00 114322 114388 HEG4_chr10_2404092_2868093 306363 306430 OG_10_2247279_2720175
79 89.00 305791 305858 HEG4_chr10_2404092_2868093 306430 306363 OG_10_2247279_2720175
79 88.00 160101 160176 HEG4_chr10_2404092_2868093 306516 306591 OG_10_2247279_2720175
79 85.00 323343 323457 HEG4_chr10_2404092_2868093 306804 306915 OG_10_2247279_2720175
79 97.00 424935 424978 HEG4_chr10_2404092_2868093 312391 312348 OG_10_2247279_2720175
79 89.00 336248 336323 HEG4_chr10_2404092_2868093 314780 314706 OG_10_2247279_2720175
79 93.00 274505 274564 HEG4_chr10_2404092_2868093 332560 332618 OG_10_2247279_2720175
79 92.00 435832 435887 HEG4_chr10_2404092_2868093 336867 336812 OG_10_2247279_2720175
79 92.00 311386 311441 HEG4_chr10_2404092_2868093 355867 355922 OG_10_2247279_2720175
79 88.00 396113 396195 HEG4_chr10_2404092_2868093 359988 359907 OG_10_2247279_2720175
79 92.00 421311 421366 HEG4_chr10_2404092_2868093 360562 360507 OG_10_2247279_2720175
79 92.00 421311 421366 HEG4_chr10_2404092_2868093 371965 371910 OG_10_2247279_2720175
79 83.00 421502 421613 HEG4_chr10_2404092_2868093 386536 386425 OG_10_2247279_2720175
79 90.00 371563 371626 HEG4_chr10_2404092_2868093 387731 387794 OG_10_2247279_2720175
79 88.00 404117 404192 HEG4_chr10_2404092_2868093 406763 406838 OG_10_2247279_2720175
79 93.00 427046 427104 HEG4_chr10_2404092_2868093 450916 450975 OG_10_2247279_2720175
79 86.00 453439 453538 HEG4_chr10_2404092_2868093 457807 457709 OG_10_2247279_2720175
79 91.00 327913 327972 HEG4_chr10_2404092_2868093 469355 469296 OG_10_2247279_2720175
77 92.00 388072 388126 HEG4_chr10_2404092_2868093 21699 21645 OG_10_2247279_2720175
77 92.00 388070 388124 HEG4_chr10_2404092_2868093 21699 21645 OG_10_2247279_2720175
77 92.00 388068 388122 HEG4_chr10_2404092_2868093 21699 21645 OG_10_2247279_2720175
77 92.00 388066 388120 HEG4_chr10_2404092_2868093 21699 21645 OG_10_2247279_2720175
77 92.00 388054 388108 HEG4_chr10_2404092_2868093 21699 21645 OG_10_2247279_2720175
77 92.00 388052 388106 HEG4_chr10_2404092_2868093 21699 21645 OG_10_2247279_2720175
77 92.00 388051 388105 HEG4_chr10_2404092_2868093 21645 21699 OG_10_2247279_2720175
77 92.00 388053 388107 HEG4_chr10_2404092_2868093 21645 21699 OG_10_2247279_2720175
77 92.00 388067 388121 HEG4_chr10_2404092_2868093 21645 21699 OG_10_2247279_2720175
77 92.00 388069 388123 HEG4_chr10_2404092_2868093 21645 21699 OG_10_2247279_2720175
77 92.00 388071 388125 HEG4_chr10_2404092_2868093 21645 21699 OG_10_2247279_2720175
77 94.00 388050 388100 HEG4_chr10_2404092_2868093 21695 21645 OG_10_2247279_2720175
77 100.00 205952 205990 HEG4_chr10_2404092_2868093 21645 21683 OG_10_2247279_2720175
77 100.00 444709 444747 HEG4_chr10_2404092_2868093 21645 21683 OG_10_2247279_2720175
77 94.00 388050 388100 HEG4_chr10_2404092_2868093 21646 21696 OG_10_2247279_2720175
77 100.00 444709 444747 HEG4_chr10_2404092_2868093 21684 21646 OG_10_2247279_2720175
77 100.00 205952 205990 HEG4_chr10_2404092_2868093 21684 21646 OG_10_2247279_2720175
77 94.00 388050 388100 HEG4_chr10_2404092_2868093 21697 21647 OG_10_2247279_2720175
77 100.00 205952 205990 HEG4_chr10_2404092_2868093 21647 21685 OG_10_2247279_2720175
77 100.00 444709 444747 HEG4_chr10_2404092_2868093 21647 21685 OG_10_2247279_2720175
77 94.00 388050 388100 HEG4_chr10_2404092_2868093 21648 21698 OG_10_2247279_2720175
77 100.00 444709 444747 HEG4_chr10_2404092_2868093 21686 21648 OG_10_2247279_2720175
77 100.00 205952 205990 HEG4_chr10_2404092_2868093 21686 21648 OG_10_2247279_2720175
77 94.00 388050 388100 HEG4_chr10_2404092_2868093 21699 21649 OG_10_2247279_2720175
77 100.00 205952 205990 HEG4_chr10_2404092_2868093 21649 21687 OG_10_2247279_2720175
77 100.00 444709 444747 HEG4_chr10_2404092_2868093 21649 21687 OG_10_2247279_2720175
77 100.00 444709 444747 HEG4_chr10_2404092_2868093 21688 21650 OG_10_2247279_2720175
77 100.00 205952 205990 HEG4_chr10_2404092_2868093 21688 21650 OG_10_2247279_2720175
77 100.00 205952 205990 HEG4_chr10_2404092_2868093 21651 21689 OG_10_2247279_2720175
77 100.00 444709 444747 HEG4_chr10_2404092_2868093 21651 21689 OG_10_2247279_2720175
77 100.00 444709 444747 HEG4_chr10_2404092_2868093 21690 21652 OG_10_2247279_2720175
77 100.00 205952 205990 HEG4_chr10_2404092_2868093 21690 21652 OG_10_2247279_2720175
77 100.00 205952 205990 HEG4_chr10_2404092_2868093 21653 21691 OG_10_2247279_2720175
77 100.00 444709 444747 HEG4_chr10_2404092_2868093 21653 21691 OG_10_2247279_2720175
77 100.00 444709 444747 HEG4_chr10_2404092_2868093 21692 21654 OG_10_2247279_2720175
77 100.00 205952 205990 HEG4_chr10_2404092_2868093 21692 21654 OG_10_2247279_2720175
77 100.00 205952 205990 HEG4_chr10_2404092_2868093 21655 21693 OG_10_2247279_2720175
77 100.00 444709 444747 HEG4_chr10_2404092_2868093 21655 21693 OG_10_2247279_2720175
77 100.00 444709 444747 HEG4_chr10_2404092_2868093 21694 21656 OG_10_2247279_2720175
77 100.00 205952 205990 HEG4_chr10_2404092_2868093 21694 21656 OG_10_2247279_2720175
77 100.00 205952 205990 HEG4_chr10_2404092_2868093 21657 21695 OG_10_2247279_2720175
77 100.00 444709 444747 HEG4_chr10_2404092_2868093 21657 21695 OG_10_2247279_2720175
77 100.00 444709 444747 HEG4_chr10_2404092_2868093 21696 21658 OG_10_2247279_2720175
77 100.00 205952 205990 HEG4_chr10_2404092_2868093 21696 21658 OG_10_2247279_2720175
77 100.00 205952 205990 HEG4_chr10_2404092_2868093 21659 21697 OG_10_2247279_2720175
77 100.00 444709 444747 HEG4_chr10_2404092_2868093 21659 21697 OG_10_2247279_2720175
77 100.00 444709 444747 HEG4_chr10_2404092_2868093 21698 21660 OG_10_2247279_2720175
77 100.00 205952 205990 HEG4_chr10_2404092_2868093 21698 21660 OG_10_2247279_2720175
77 100.00 205952 205990 HEG4_chr10_2404092_2868093 21661 21699 OG_10_2247279_2720175
77 100.00 444709 444747 HEG4_chr10_2404092_2868093 21661 21699 OG_10_2247279_2720175
77 100.00 378128 378166 HEG4_chr10_2404092_2868093 21662 21700 OG_10_2247279_2720175
77 91.00 71983 72041 HEG4_chr10_2404092_2868093 25008 25066 OG_10_2247279_2720175
77 92.00 114333 114394 HEG4_chr10_2404092_2868093 51736 51798 OG_10_2247279_2720175
77 100.00 205952 205990 HEG4_chr10_2404092_2868093 112332 112370 OG_10_2247279_2720175
77 100.00 444709 444747 HEG4_chr10_2404092_2868093 112332 112370 OG_10_2247279_2720175
77 100.00 444709 444747 HEG4_chr10_2404092_2868093 112371 112333 OG_10_2247279_2720175
77 100.00 205952 205990 HEG4_chr10_2404092_2868093 112371 112333 OG_10_2247279_2720175
77 100.00 205952 205990 HEG4_chr10_2404092_2868093 112334 112372 OG_10_2247279_2720175
77 100.00 444709 444747 HEG4_chr10_2404092_2868093 112334 112372 OG_10_2247279_2720175
77 100.00 444709 444747 HEG4_chr10_2404092_2868093 112373 112335 OG_10_2247279_2720175
77 100.00 205952 205990 HEG4_chr10_2404092_2868093 112373 112335 OG_10_2247279_2720175
77 100.00 205952 205990 HEG4_chr10_2404092_2868093 112336 112374 OG_10_2247279_2720175
77 100.00 444709 444747 HEG4_chr10_2404092_2868093 112336 112374 OG_10_2247279_2720175
77 100.00 444709 444747 HEG4_chr10_2404092_2868093 112375 112337 OG_10_2247279_2720175
77 100.00 205952 205990 HEG4_chr10_2404092_2868093 112375 112337 OG_10_2247279_2720175
77 100.00 205952 205990 HEG4_chr10_2404092_2868093 112338 112376 OG_10_2247279_2720175
77 100.00 444709 444747 HEG4_chr10_2404092_2868093 112338 112376 OG_10_2247279_2720175
77 100.00 378128 378166 HEG4_chr10_2404092_2868093 112339 112377 OG_10_2247279_2720175
77 91.00 109502 109569 HEG4_chr10_2404092_2868093 130769 130831 OG_10_2247279_2720175
77 94.00 169628 169678 HEG4_chr10_2404092_2868093 131796 131846 OG_10_2247279_2720175
77 91.00 100110 100172 HEG4_chr10_2404092_2868093 138586 138653 OG_10_2247279_2720175
77 83.00 122952 123066 HEG4_chr10_2404092_2868093 159623 159737 OG_10_2247279_2720175
77 88.00 254682 254752 HEG4_chr10_2404092_2868093 163871 163801 OG_10_2247279_2720175
77 88.00 140159 140229 HEG4_chr10_2404092_2868093 171341 171411 OG_10_2247279_2720175
77 84.00 212831 212933 HEG4_chr10_2404092_2868093 171611 171509 OG_10_2247279_2720175
77 86.00 47108 47195 HEG4_chr10_2404092_2868093 227508 227597 OG_10_2247279_2720175
77 83.00 199590 199704 HEG4_chr10_2404092_2868093 246176 246290 OG_10_2247279_2720175
77 88.00 160101 160175 HEG4_chr10_2404092_2868093 252611 252685 OG_10_2247279_2720175
77 87.00 423620 423702 HEG4_chr10_2404092_2868093 263451 263532 OG_10_2247279_2720175
77 89.00 185458 185531 HEG4_chr10_2404092_2868093 273749 273675 OG_10_2247279_2720175
77 89.00 342072 342146 HEG4_chr10_2404092_2868093 342323 342250 OG_10_2247279_2720175
77 89.00 341869 341942 HEG4_chr10_2404092_2868093 342527 342453 OG_10_2247279_2720175
77 88.00 385629 385714 HEG4_chr10_2404092_2868093 355257 355337 OG_10_2247279_2720175
77 80.00 417500 417687 HEG4_chr10_2404092_2868093 360365 360561 OG_10_2247279_2720175
77 85.00 417593 417687 HEG4_chr10_2404092_2868093 371870 371964 OG_10_2247279_2720175
77 88.00 435838 435908 HEG4_chr10_2404092_2868093 372156 372086 OG_10_2247279_2720175
77 92.00 405385 405439 HEG4_chr10_2404092_2868093 372102 372156 OG_10_2247279_2720175
77 94.00 388194 388244 HEG4_chr10_2404092_2868093 373625 373675 OG_10_2247279_2720175
77 90.00 395375 395437 HEG4_chr10_2404092_2868093 387789 387727 OG_10_2247279_2720175
77 86.00 424888 424970 HEG4_chr10_2404092_2868093 387812 387730 OG_10_2247279_2720175
77 86.00 417824 417906 HEG4_chr10_2404092_2868093 387730 387812 OG_10_2247279_2720175
77 86.00 450745 450831 HEG4_chr10_2404092_2868093 396940 397026 OG_10_2247279_2720175
75 92.00 388055 388108 HEG4_chr10_2404092_2868093 21645 21698 OG_10_2247279_2720175
75 92.00 388073 388126 HEG4_chr10_2404092_2868093 21645 21698 OG_10_2247279_2720175
75 100.00 444709 444746 HEG4_chr10_2404092_2868093 21682 21645 OG_10_2247279_2720175
75 100.00 205952 205989 HEG4_chr10_2404092_2868093 21682 21645 OG_10_2247279_2720175
75 92.00 388066 388119 HEG4_chr10_2404092_2868093 21646 21699 OG_10_2247279_2720175
75 100.00 378128 378165 HEG4_chr10_2404092_2868093 21683 21646 OG_10_2247279_2720175
75 100.00 378128 378165 HEG4_chr10_2404092_2868093 21646 21683 OG_10_2247279_2720175
75 100.00 378128 378165 HEG4_chr10_2404092_2868093 21685 21648 OG_10_2247279_2720175
75 100.00 378128 378165 HEG4_chr10_2404092_2868093 21648 21685 OG_10_2247279_2720175
75 94.00 388050 388099 HEG4_chr10_2404092_2868093 21650 21699 OG_10_2247279_2720175
75 100.00 378128 378165 HEG4_chr10_2404092_2868093 21687 21650 OG_10_2247279_2720175
75 100.00 378128 378165 HEG4_chr10_2404092_2868093 21650 21687 OG_10_2247279_2720175
75 100.00 378128 378165 HEG4_chr10_2404092_2868093 21689 21652 OG_10_2247279_2720175
75 100.00 378128 378165 HEG4_chr10_2404092_2868093 21652 21689 OG_10_2247279_2720175
75 100.00 378128 378165 HEG4_chr10_2404092_2868093 21691 21654 OG_10_2247279_2720175
75 100.00 378128 378165 HEG4_chr10_2404092_2868093 21654 21691 OG_10_2247279_2720175
75 100.00 378128 378165 HEG4_chr10_2404092_2868093 21693 21656 OG_10_2247279_2720175
75 100.00 378128 378165 HEG4_chr10_2404092_2868093 21656 21693 OG_10_2247279_2720175
75 100.00 378128 378165 HEG4_chr10_2404092_2868093 21695 21658 OG_10_2247279_2720175
75 100.00 378128 378165 HEG4_chr10_2404092_2868093 21658 21695 OG_10_2247279_2720175
75 100.00 378128 378165 HEG4_chr10_2404092_2868093 21697 21660 OG_10_2247279_2720175
75 100.00 378128 378165 HEG4_chr10_2404092_2868093 21660 21697 OG_10_2247279_2720175
75 100.00 444710 444747 HEG4_chr10_2404092_2868093 21699 21662 OG_10_2247279_2720175
75 100.00 378128 378165 HEG4_chr10_2404092_2868093 21699 21662 OG_10_2247279_2720175
75 100.00 205953 205990 HEG4_chr10_2404092_2868093 21699 21662 OG_10_2247279_2720175
75 92.00 446653 446706 HEG4_chr10_2404092_2868093 47549 47602 OG_10_2247279_2720175
75 92.00 84516 84569 HEG4_chr10_2404092_2868093 91763 91816 OG_10_2247279_2720175
75 95.00 80777 80822 HEG4_chr10_2404092_2868093 102419 102464 OG_10_2247279_2720175
75 91.00 40457 40517 HEG4_chr10_2404092_2868093 102584 102642 OG_10_2247279_2720175
75 100.00 444709 444746 HEG4_chr10_2404092_2868093 112369 112332 OG_10_2247279_2720175
75 100.00 205952 205989 HEG4_chr10_2404092_2868093 112369 112332 OG_10_2247279_2720175
75 100.00 378128 378165 HEG4_chr10_2404092_2868093 112370 112333 OG_10_2247279_2720175
75 100.00 378128 378165 HEG4_chr10_2404092_2868093 112333 112370 OG_10_2247279_2720175
75 100.00 378128 378165 HEG4_chr10_2404092_2868093 112372 112335 OG_10_2247279_2720175
75 100.00 378128 378165 HEG4_chr10_2404092_2868093 112335 112372 OG_10_2247279_2720175
75 100.00 378128 378165 HEG4_chr10_2404092_2868093 112374 112337 OG_10_2247279_2720175
75 100.00 378128 378165 HEG4_chr10_2404092_2868093 112337 112374 OG_10_2247279_2720175
75 100.00 444710 444747 HEG4_chr10_2404092_2868093 112376 112339 OG_10_2247279_2720175
75 100.00 378128 378165 HEG4_chr10_2404092_2868093 112376 112339 OG_10_2247279_2720175
75 100.00 205953 205990 HEG4_chr10_2404092_2868093 112376 112339 OG_10_2247279_2720175
75 85.00 274552 274641 HEG4_chr10_2404092_2868093 112430 112519 OG_10_2247279_2720175
75 87.00 62456 62533 HEG4_chr10_2404092_2868093 115156 115233 OG_10_2247279_2720175
75 91.00 87407 87464 HEG4_chr10_2404092_2868093 117708 117765 OG_10_2247279_2720175
75 83.00 4054 4172 HEG4_chr10_2404092_2868093 166835 166715 OG_10_2247279_2720175
75 81.00 4047 4192 HEG4_chr10_2404092_2868093 275261 275116 OG_10_2247279_2720175
75 84.00 329973 330085 HEG4_chr10_2404092_2868093 275226 275116 OG_10_2247279_2720175
75 83.00 306614 306719 HEG4_chr10_2404092_2868093 306776 306671 OG_10_2247279_2720175
75 90.00 421106 421167 HEG4_chr10_2404092_2868093 312391 312330 OG_10_2247279_2720175
75 89.00 424924 424989 HEG4_chr10_2404092_2868093 360732 360667 OG_10_2247279_2720175
75 89.00 417805 417870 HEG4_chr10_2404092_2868093 360667 360732 OG_10_2247279_2720175
75 84.00 425345 425446 HEG4_chr10_2404092_2868093 371964 371863 OG_10_2247279_2720175
75 95.00 364380 364425 HEG4_chr10_2404092_2868093 372710 372755 OG_10_2247279_2720175
75 86.00 311738 311819 HEG4_chr10_2404092_2868093 387708 387789 OG_10_2247279_2720175
75 90.00 40456 40517 HEG4_chr10_2404092_2868093 404423 404484 OG_10_2247279_2720175
75 94.00 331770 331819 HEG4_chr10_2404092_2868093 404690 404641 OG_10_2247279_2720175
75 90.00 311734 311795 HEG4_chr10_2404092_2868093 410553 410492 OG_10_2247279_2720175
75 92.00 386186 386239 HEG4_chr10_2404092_2868093 423889 423836 OG_10_2247279_2720175
75 92.00 371383 371436 HEG4_chr10_2404092_2868093 423889 423836 OG_10_2247279_2720175
75 92.00 395560 395613 HEG4_chr10_2404092_2868093 423836 423889 OG_10_2247279_2720175
75 86.00 434416 434511 HEG4_chr10_2404092_2868093 453769 453866 OG_10_2247279_2720175
73 92.00 4148 4200 HEG4_chr10_2404092_2868093 2347 2399 OG_10_2247279_2720175
73 92.00 88519 88571 HEG4_chr10_2404092_2868093 5371 5423 OG_10_2247279_2720175
73 100.00 378128 378164 HEG4_chr10_2404092_2868093 21681 21645 OG_10_2247279_2720175
73 100.00 378129 378165 HEG4_chr10_2404092_2868093 21645 21681 OG_10_2247279_2720175
73 97.00 337252 337292 HEG4_chr10_2404092_2868093 21700 21660 OG_10_2247279_2720175
73 89.00 71983 72047 HEG4_chr10_2404092_2868093 32360 32424 OG_10_2247279_2720175
73 88.00 330025 330093 HEG4_chr10_2404092_2868093 47539 47471 OG_10_2247279_2720175
73 91.00 446553 446609 HEG4_chr10_2404092_2868093 47602 47546 OG_10_2247279_2720175
73 86.00 95504 95592 HEG4_chr10_2404092_2868093 93598 93685 OG_10_2247279_2720175
73 97.00 274506 274546 HEG4_chr10_2404092_2868093 102585 102625 OG_10_2247279_2720175
73 100.00 378128 378164 HEG4_chr10_2404092_2868093 112368 112332 OG_10_2247279_2720175
73 100.00 378129 378165 HEG4_chr10_2404092_2868093 112332 112368 OG_10_2247279_2720175
73 97.00 337252 337292 HEG4_chr10_2404092_2868093 112377 112337 OG_10_2247279_2720175
73 90.00 266531 266591 HEG4_chr10_2404092_2868093 143512 143572 OG_10_2247279_2720175
73 95.00 135276 135320 HEG4_chr10_2404092_2868093 155744 155788 OG_10_2247279_2720175
73 95.00 131891 131935 HEG4_chr10_2404092_2868093 159049 159093 OG_10_2247279_2720175
73 85.00 255341 255429 HEG4_chr10_2404092_2868093 163227 163139 OG_10_2247279_2720175
73 85.00 139508 139596 HEG4_chr10_2404092_2868093 170664 170752 OG_10_2247279_2720175
73 86.00 42474 42565 HEG4_chr10_2404092_2868093 187169 187077 OG_10_2247279_2720175
73 89.00 2948 3012 HEG4_chr10_2404092_2868093 191998 191934 OG_10_2247279_2720175
73 88.00 164085 164153 HEG4_chr10_2404092_2868093 248319 248387 OG_10_2247279_2720175
73 89.00 265684 265748 HEG4_chr10_2404092_2868093 248385 248321 OG_10_2247279_2720175
73 93.00 336275 336323 HEG4_chr10_2404092_2868093 248475 248523 OG_10_2247279_2720175
73 86.00 42383 42463 HEG4_chr10_2404092_2868093 267786 267706 OG_10_2247279_2720175
73 92.00 80724 80776 HEG4_chr10_2404092_2868093 281791 281739 OG_10_2247279_2720175
73 92.00 23861 23916 HEG4_chr10_2404092_2868093 314219 314275 OG_10_2247279_2720175
73 86.00 435828 435908 HEG4_chr10_2404092_2868093 356123 356043 OG_10_2247279_2720175
73 87.00 421093 421165 HEG4_chr10_2404092_2868093 360734 360662 OG_10_2247279_2720175
73 93.00 405388 405436 HEG4_chr10_2404092_2868093 360686 360734 OG_10_2247279_2720175
73 81.00 404207 404385 HEG4_chr10_2404092_2868093 379671 379493 OG_10_2247279_2720175
73 92.00 371384 371436 HEG4_chr10_2404092_2868093 406976 407028 OG_10_2247279_2720175
73 85.00 355713 355797 HEG4_chr10_2404092_2868093 407146 407230 OG_10_2247279_2720175
73 85.00 363785 363869 HEG4_chr10_2404092_2868093 407146 407230 OG_10_2247279_2720175
73 83.00 371332 371436 HEG4_chr10_2404092_2868093 414736 414632 OG_10_2247279_2720175
73 92.00 386187 386239 HEG4_chr10_2404092_2868093 414684 414632 OG_10_2247279_2720175
73 92.00 363627 363679 HEG4_chr10_2404092_2868093 414684 414632 OG_10_2247279_2720175
73 92.00 355555 355607 HEG4_chr10_2404092_2868093 414684 414632 OG_10_2247279_2720175
73 84.00 240094 240190 HEG4_chr10_2404092_2868093 447449 447353 OG_10_2247279_2720175
73 86.00 336166 336246 HEG4_chr10_2404092_2868093 451918 451838 OG_10_2247279_2720175
71 97.00 337253 337292 HEG4_chr10_2404092_2868093 21685 21646 OG_10_2247279_2720175
71 97.00 337253 337292 HEG4_chr10_2404092_2868093 21646 21685 OG_10_2247279_2720175
71 97.00 337253 337292 HEG4_chr10_2404092_2868093 21687 21648 OG_10_2247279_2720175
71 97.00 337253 337292 HEG4_chr10_2404092_2868093 21648 21687 OG_10_2247279_2720175
71 97.00 337253 337292 HEG4_chr10_2404092_2868093 21689 21650 OG_10_2247279_2720175
71 97.00 337253 337292 HEG4_chr10_2404092_2868093 21650 21689 OG_10_2247279_2720175
71 97.00 337253 337292 HEG4_chr10_2404092_2868093 21691 21652 OG_10_2247279_2720175
71 97.00 337253 337292 HEG4_chr10_2404092_2868093 21652 21691 OG_10_2247279_2720175
71 97.00 337253 337292 HEG4_chr10_2404092_2868093 21693 21654 OG_10_2247279_2720175
71 97.00 337253 337292 HEG4_chr10_2404092_2868093 21654 21693 OG_10_2247279_2720175
71 97.00 337253 337292 HEG4_chr10_2404092_2868093 21695 21656 OG_10_2247279_2720175
71 97.00 337253 337292 HEG4_chr10_2404092_2868093 21656 21695 OG_10_2247279_2720175
71 97.00 337253 337292 HEG4_chr10_2404092_2868093 21697 21658 OG_10_2247279_2720175
71 97.00 337253 337292 HEG4_chr10_2404092_2868093 21658 21697 OG_10_2247279_2720175
71 97.00 337253 337292 HEG4_chr10_2404092_2868093 21660 21699 OG_10_2247279_2720175
71 85.00 275625 275723 HEG4_chr10_2404092_2868093 100013 100112 OG_10_2247279_2720175
71 97.00 337253 337292 HEG4_chr10_2404092_2868093 112372 112333 OG_10_2247279_2720175
71 97.00 337253 337292 HEG4_chr10_2404092_2868093 112333 112372 OG_10_2247279_2720175
71 97.00 337253 337292 HEG4_chr10_2404092_2868093 112374 112335 OG_10_2247279_2720175
71 97.00 337253 337292 HEG4_chr10_2404092_2868093 112335 112374 OG_10_2247279_2720175
71 97.00 337253 337292 HEG4_chr10_2404092_2868093 112337 112376 OG_10_2247279_2720175
71 92.00 62383 62434 HEG4_chr10_2404092_2868093 115080 115131 OG_10_2247279_2720175
71 87.00 194043 194114 HEG4_chr10_2404092_2868093 117185 117114 OG_10_2247279_2720175
71 97.00 207317 207356 HEG4_chr10_2404092_2868093 143442 143481 OG_10_2247279_2720175
71 88.00 159941 160008 HEG4_chr10_2404092_2868093 143628 143561 OG_10_2247279_2720175
71 84.00 254493 254584 HEG4_chr10_2404092_2868093 181649 181558 OG_10_2247279_2720175
71 97.00 42465 42504 HEG4_chr10_2404092_2868093 191894 191933 OG_10_2247279_2720175
71 84.00 265823 265925 HEG4_chr10_2404092_2868093 248502 248402 OG_10_2247279_2720175
71 88.00 159941 160008 HEG4_chr10_2404092_2868093 252451 252518 OG_10_2247279_2720175
71 88.00 336134 336208 HEG4_chr10_2404092_2868093 273674 273749 OG_10_2247279_2720175
71 93.00 273417 273464 HEG4_chr10_2404092_2868093 282903 282950 OG_10_2247279_2720175
71 89.00 281223 281286 HEG4_chr10_2404092_2868093 296037 296100 OG_10_2247279_2720175
71 93.00 142454 142501 HEG4_chr10_2404092_2868093 306408 306455 OG_10_2247279_2720175
71 97.00 386194 386233 HEG4_chr10_2404092_2868093 311999 312038 OG_10_2247279_2720175
71 91.00 80721 80776 HEG4_chr10_2404092_2868093 332496 332441 OG_10_2247279_2720175
71 85.00 364060 364160 HEG4_chr10_2404092_2868093 360949 361051 OG_10_2247279_2720175
71 88.00 64927 65002 HEG4_chr10_2404092_2868093 363487 363561 OG_10_2247279_2720175
71 86.00 336393 336472 HEG4_chr10_2404092_2868093 387708 387787 OG_10_2247279_2720175
71 95.00 2090 2133 HEG4_chr10_2404092_2868093 408063 408106 OG_10_2247279_2720175
71 91.00 336417 336472 HEG4_chr10_2404092_2868093 414257 414202 OG_10_2247279_2720175
71 91.00 336417 336472 HEG4_chr10_2404092_2868093 423692 423637 OG_10_2247279_2720175
71 88.00 94880 94947 HEG4_chr10_2404092_2868093 447385 447452 OG_10_2247279_2720175
