113600 100.00 291683 348985 HEG4_chr10_2404092_2868093 291683 348985 HEG4_chr10_2404092_2868093
109400 100.00 388050 443238 HEG4_chr10_2404092_2868093 388050 443238 HEG4_chr10_2404092_2868093
64130 100.00 141490 173840 HEG4_chr10_2404092_2868093 141490 173840 HEG4_chr10_2404092_2868093
62200 100.00 174612 205990 HEG4_chr10_2404092_2868093 174612 205990 HEG4_chr10_2404092_2868093
59500 100.00 243790 273804 HEG4_chr10_2404092_2868093 243790 273804 HEG4_chr10_2404092_2868093
52850 100.00 216896 243559 HEG4_chr10_2404092_2868093 216896 243559 HEG4_chr10_2404092_2868093
52110 100.00 1 26285 HEG4_chr10_2404092_2868093 1 26285 HEG4_chr10_2404092_2868093
50420 100.00 54839 80277 HEG4_chr10_2404092_2868093 54839 80277 HEG4_chr10_2404092_2868093
45430 100.00 90575 113493 HEG4_chr10_2404092_2868093 90575 113493 HEG4_chr10_2404092_2868093
40520 100.00 443561 464002 HEG4_chr10_2404092_2868093 443561 464002 HEG4_chr10_2404092_2868093
40290 100.00 29947 50270 HEG4_chr10_2404092_2868093 29947 50270 HEG4_chr10_2404092_2868093
34720 100.00 370267 387781 HEG4_chr10_2404092_2868093 370267 387781 HEG4_chr10_2404092_2868093
30840 100.00 113679 129239 HEG4_chr10_2404092_2868093 113679 129239 HEG4_chr10_2404092_2868093
23360 100.00 129581 141364 HEG4_chr10_2404092_2868093 129581 141364 HEG4_chr10_2404092_2868093
22730 100.00 351963 363429 HEG4_chr10_2404092_2868093 351963 363429 HEG4_chr10_2404092_2868093
21170 100.00 206146 216825 HEG4_chr10_2404092_2868093 206146 216825 HEG4_chr10_2404092_2868093
17320 100.00 274118 282852 HEG4_chr10_2404092_2868093 274118 282852 HEG4_chr10_2404092_2868093
15100 100.00 82746 90364 HEG4_chr10_2404092_2868093 82746 90364 HEG4_chr10_2404092_2868093
12790 100.00 363530 369979 HEG4_chr10_2404092_2868093 363530 369979 HEG4_chr10_2404092_2868093
2890 100.00 80463 81920 HEG4_chr10_2404092_2868093 80463 81920 HEG4_chr10_2404092_2868093
1281 92.00 395259 396195 HEG4_chr10_2404092_2868093 386533 385624 HEG4_chr10_2404092_2868093
1281 92.00 385624 386533 HEG4_chr10_2404092_2868093 396195 395259 HEG4_chr10_2404092_2868093
1183 100.00 287356 287952 HEG4_chr10_2404092_2868093 287356 287952 HEG4_chr10_2404092_2868093
1126 89.00 368242 369203 HEG4_chr10_2404092_2868093 361764 362736 HEG4_chr10_2404092_2868093
1126 89.00 361764 362736 HEG4_chr10_2404092_2868093 368242 369203 HEG4_chr10_2404092_2868093
1084 91.00 435662 436493 HEG4_chr10_2404092_2868093 418057 417221 HEG4_chr10_2404092_2868093
1084 91.00 417221 418057 HEG4_chr10_2404092_2868093 436493 435662 HEG4_chr10_2404092_2868093
904 95.00 370929 371480 HEG4_chr10_2404092_2868093 355100 355651 HEG4_chr10_2404092_2868093
904 94.00 370578 371166 HEG4_chr10_2404092_2868093 362843 363429 HEG4_chr10_2404092_2868093
904 94.00 362843 363429 HEG4_chr10_2404092_2868093 370578 371166 HEG4_chr10_2404092_2868093
904 95.00 355100 355651 HEG4_chr10_2404092_2868093 370929 371480 HEG4_chr10_2404092_2868093
892 94.00 363530 364108 HEG4_chr10_2404092_2868093 355458 356018 HEG4_chr10_2404092_2868093
892 94.00 355458 356018 HEG4_chr10_2404092_2868093 363530 364108 HEG4_chr10_2404092_2868093
888 90.00 364643 365368 HEG4_chr10_2404092_2868093 357663 358375 HEG4_chr10_2404092_2868093
888 90.00 357663 358375 HEG4_chr10_2404092_2868093 364643 365368 HEG4_chr10_2404092_2868093
886 90.00 169329 170053 HEG4_chr10_2404092_2868093 105782 106502 HEG4_chr10_2404092_2868093
886 90.00 105782 106502 HEG4_chr10_2404092_2868093 169329 170053 HEG4_chr10_2404092_2868093
866 100.00 261552 261988 HEG4_chr10_2404092_2868093 141364 140928 HEG4_chr10_2404092_2868093
866 100.00 140928 141364 HEG4_chr10_2404092_2868093 261988 261552 HEG4_chr10_2404092_2868093
856 100.00 262077 262508 HEG4_chr10_2404092_2868093 141362 140931 HEG4_chr10_2404092_2868093
856 100.00 140931 141362 HEG4_chr10_2404092_2868093 262508 262077 HEG4_chr10_2404092_2868093
839 100.00 51195 51617 HEG4_chr10_2404092_2868093 51195 51617 HEG4_chr10_2404092_2868093
716 96.00 424583 424997 HEG4_chr10_2404092_2868093 418218 417797 HEG4_chr10_2404092_2868093
716 96.00 417797 418218 HEG4_chr10_2404092_2868093 424997 424583 HEG4_chr10_2404092_2868093
676 91.00 425283 425811 HEG4_chr10_2404092_2868093 417749 417221 HEG4_chr10_2404092_2868093
676 91.00 417221 417749 HEG4_chr10_2404092_2868093 425811 425283 HEG4_chr10_2404092_2868093
666 90.00 395292 395866 HEG4_chr10_2404092_2868093 371698 371127 HEG4_chr10_2404092_2868093
666 90.00 371127 371698 HEG4_chr10_2404092_2868093 395866 395292 HEG4_chr10_2404092_2868093
658 82.00 71703 72742 HEG4_chr10_2404092_2868093 43134 44191 HEG4_chr10_2404092_2868093
658 82.00 43134 44191 HEG4_chr10_2404092_2868093 71703 72742 HEG4_chr10_2404092_2868093
611 88.00 385933 386462 HEG4_chr10_2404092_2868093 355298 355833 HEG4_chr10_2404092_2868093
611 88.00 355298 355833 HEG4_chr10_2404092_2868093 385933 386462 HEG4_chr10_2404092_2868093
579 96.00 295619 295954 HEG4_chr10_2404092_2868093 281257 281592 HEG4_chr10_2404092_2868093
579 96.00 281257 281592 HEG4_chr10_2404092_2868093 295619 295954 HEG4_chr10_2404092_2868093
561 88.00 392145 392691 HEG4_chr10_2404092_2868093 392691 392145 HEG4_chr10_2404092_2868093
529 89.00 421301 421775 HEG4_chr10_2404092_2868093 417698 417224 HEG4_chr10_2404092_2868093
529 89.00 417224 417698 HEG4_chr10_2404092_2868093 421775 421301 HEG4_chr10_2404092_2868093
505 88.00 386090 386533 HEG4_chr10_2404092_2868093 363530 363973 HEG4_chr10_2404092_2868093
505 88.00 363530 363973 HEG4_chr10_2404092_2868093 386090 386533 HEG4_chr10_2404092_2868093
500 92.00 395516 395866 HEG4_chr10_2404092_2868093 355651 355298 HEG4_chr10_2404092_2868093
500 92.00 355298 355651 HEG4_chr10_2404092_2868093 395866 395516 HEG4_chr10_2404092_2868093
488 89.00 364123 364558 HEG4_chr10_2404092_2868093 356637 357069 HEG4_chr10_2404092_2868093
488 89.00 356637 357069 HEG4_chr10_2404092_2868093 364123 364558 HEG4_chr10_2404092_2868093
478 88.00 443631 444072 HEG4_chr10_2404092_2868093 388735 389184 HEG4_chr10_2404092_2868093
478 88.00 388735 389184 HEG4_chr10_2404092_2868093 443631 444072 HEG4_chr10_2404092_2868093
462 93.00 247201 247528 HEG4_chr10_2404092_2868093 215967 216296 HEG4_chr10_2404092_2868093
462 93.00 215967 216296 HEG4_chr10_2404092_2868093 247201 247528 HEG4_chr10_2404092_2868093
458 93.00 308893 309211 HEG4_chr10_2404092_2868093 170051 169734 HEG4_chr10_2404092_2868093
458 93.00 169734 170051 HEG4_chr10_2404092_2868093 309211 308893 HEG4_chr10_2404092_2868093
442 84.00 453538 454109 HEG4_chr10_2404092_2868093 450204 449637 HEG4_chr10_2404092_2868093
442 84.00 449637 450204 HEG4_chr10_2404092_2868093 454109 453538 HEG4_chr10_2404092_2868093
422 89.00 309273 309627 HEG4_chr10_2404092_2868093 106120 105782 HEG4_chr10_2404092_2868093
422 89.00 105782 106120 HEG4_chr10_2404092_2868093 309627 309273 HEG4_chr10_2404092_2868093
420 89.00 308892 309271 HEG4_chr10_2404092_2868093 101629 101253 HEG4_chr10_2404092_2868093
420 89.00 101253 101629 HEG4_chr10_2404092_2868093 309271 308892 HEG4_chr10_2404092_2868093
414 92.00 365368 365679 HEG4_chr10_2404092_2868093 361027 361339 HEG4_chr10_2404092_2868093
414 92.00 361027 361339 HEG4_chr10_2404092_2868093 365368 365679 HEG4_chr10_2404092_2868093
406 91.00 308893 309209 HEG4_chr10_2404092_2868093 106500 106184 HEG4_chr10_2404092_2868093
406 91.00 106184 106500 HEG4_chr10_2404092_2868093 309209 308893 HEG4_chr10_2404092_2868093
398 93.00 365692 365964 HEG4_chr10_2404092_2868093 361497 361769 HEG4_chr10_2404092_2868093
398 93.00 361497 361769 HEG4_chr10_2404092_2868093 365692 365964 HEG4_chr10_2404092_2868093
391 89.00 309273 309627 HEG4_chr10_2404092_2868093 169672 169329 HEG4_chr10_2404092_2868093
391 89.00 169329 169672 HEG4_chr10_2404092_2868093 309627 309273 HEG4_chr10_2404092_2868093
387 91.00 169745 170051 HEG4_chr10_2404092_2868093 101324 101628 HEG4_chr10_2404092_2868093
387 91.00 101324 101628 HEG4_chr10_2404092_2868093 169745 170051 HEG4_chr10_2404092_2868093
373 90.00 174614 174931 HEG4_chr10_2404092_2868093 173821 173512 HEG4_chr10_2404092_2868093
373 90.00 173512 173821 HEG4_chr10_2404092_2868093 174931 174614 HEG4_chr10_2404092_2868093
373 87.00 435022 435435 HEG4_chr10_2404092_2868093 369973 369561 HEG4_chr10_2404092_2868093
373 87.00 369561 369973 HEG4_chr10_2404092_2868093 435435 435022 HEG4_chr10_2404092_2868093
365 82.00 85212 85835 HEG4_chr10_2404092_2868093 75219 75842 HEG4_chr10_2404092_2868093
365 82.00 75219 75842 HEG4_chr10_2404092_2868093 85212 85835 HEG4_chr10_2404092_2868093
351 94.00 131369 131597 HEG4_chr10_2404092_2868093 29947 30175 HEG4_chr10_2404092_2868093
351 94.00 29947 30175 HEG4_chr10_2404092_2868093 131369 131597 HEG4_chr10_2404092_2868093
339 88.00 82768 83069 HEG4_chr10_2404092_2868093 81873 81564 HEG4_chr10_2404092_2868093
339 88.00 81564 81873 HEG4_chr10_2404092_2868093 83069 82768 HEG4_chr10_2404092_2868093
331 100.00 141490 141656 HEG4_chr10_2404092_2868093 140931 141097 HEG4_chr10_2404092_2868093
331 100.00 140931 141097 HEG4_chr10_2404092_2868093 141490 141656 HEG4_chr10_2404092_2868093
331 100.00 262342 262508 HEG4_chr10_2404092_2868093 141656 141490 HEG4_chr10_2404092_2868093
331 100.00 261819 261985 HEG4_chr10_2404092_2868093 141656 141490 HEG4_chr10_2404092_2868093
331 100.00 141490 141656 HEG4_chr10_2404092_2868093 261985 261819 HEG4_chr10_2404092_2868093
331 100.00 141490 141656 HEG4_chr10_2404092_2868093 262508 262342 HEG4_chr10_2404092_2868093
329 96.00 371287 371480 HEG4_chr10_2404092_2868093 363530 363723 HEG4_chr10_2404092_2868093
329 96.00 363530 363723 HEG4_chr10_2404092_2868093 371287 371480 HEG4_chr10_2404092_2868093
325 97.00 180771 180950 HEG4_chr10_2404092_2868093 175990 175811 HEG4_chr10_2404092_2868093
325 97.00 175811 175990 HEG4_chr10_2404092_2868093 180950 180771 HEG4_chr10_2404092_2868093
317 92.00 246960 247201 HEG4_chr10_2404092_2868093 215699 215943 HEG4_chr10_2404092_2868093
317 92.00 215699 215943 HEG4_chr10_2404092_2868093 246960 247201 HEG4_chr10_2404092_2868093
315 91.00 436318 436553 HEG4_chr10_2404092_2868093 417273 417050 HEG4_chr10_2404092_2868093
315 91.00 417050 417273 HEG4_chr10_2404092_2868093 436553 436318 HEG4_chr10_2404092_2868093
313 92.00 207267 207508 HEG4_chr10_2404092_2868093 164315 164076 HEG4_chr10_2404092_2868093
313 92.00 164076 164315 HEG4_chr10_2404092_2868093 207508 207267 HEG4_chr10_2404092_2868093
313 95.00 395516 395709 HEG4_chr10_2404092_2868093 363723 363530 HEG4_chr10_2404092_2868093
313 95.00 363530 363723 HEG4_chr10_2404092_2868093 395709 395516 HEG4_chr10_2404092_2868093
297 90.00 265515 265758 HEG4_chr10_2404092_2868093 265016 264777 HEG4_chr10_2404092_2868093
297 90.00 264777 265016 HEG4_chr10_2404092_2868093 265758 265515 HEG4_chr10_2404092_2868093
289 94.00 309382 309574 HEG4_chr10_2404092_2868093 101097 100904 HEG4_chr10_2404092_2868093
289 94.00 100904 101097 HEG4_chr10_2404092_2868093 309574 309382 HEG4_chr10_2404092_2868093
285 89.00 425636 425868 HEG4_chr10_2404092_2868093 417273 417053 HEG4_chr10_2404092_2868093
285 89.00 417053 417273 HEG4_chr10_2404092_2868093 425868 425636 HEG4_chr10_2404092_2868093
283 85.00 240087 240432 HEG4_chr10_2404092_2868093 94951 94594 HEG4_chr10_2404092_2868093
283 85.00 94594 94951 HEG4_chr10_2404092_2868093 240432 240087 HEG4_chr10_2404092_2868093
280 90.00 260651 260879 HEG4_chr10_2404092_2868093 2586 2814 HEG4_chr10_2404092_2868093
280 90.00 2586 2814 HEG4_chr10_2404092_2868093 260651 260879 HEG4_chr10_2404092_2868093
276 90.00 356205 356423 HEG4_chr10_2404092_2868093 16457 16675 HEG4_chr10_2404092_2868093
276 90.00 16457 16675 HEG4_chr10_2404092_2868093 356205 356423 HEG4_chr10_2404092_2868093
272 86.00 369260 369559 HEG4_chr10_2404092_2868093 362748 363059 HEG4_chr10_2404092_2868093
272 86.00 362748 363059 HEG4_chr10_2404092_2868093 369260 369559 HEG4_chr10_2404092_2868093
270 88.00 246394 246621 HEG4_chr10_2404092_2868093 215455 215697 HEG4_chr10_2404092_2868093
270 88.00 215455 215697 HEG4_chr10_2404092_2868093 246394 246621 HEG4_chr10_2404092_2868093
264 91.00 458803 459007 HEG4_chr10_2404092_2868093 261206 261002 HEG4_chr10_2404092_2868093
264 100.00 287356 287488 HEG4_chr10_2404092_2868093 282720 282852 HEG4_chr10_2404092_2868093
264 100.00 282720 282852 HEG4_chr10_2404092_2868093 287356 287488 HEG4_chr10_2404092_2868093
264 91.00 261002 261206 HEG4_chr10_2404092_2868093 459007 458803 HEG4_chr10_2404092_2868093
248 90.00 276572 276774 HEG4_chr10_2404092_2868093 275825 275626 HEG4_chr10_2404092_2868093
248 90.00 275626 275825 HEG4_chr10_2404092_2868093 276774 276572 HEG4_chr10_2404092_2868093
246 88.00 314082 314317 HEG4_chr10_2404092_2868093 207503 207269 HEG4_chr10_2404092_2868093
246 86.00 297698 298017 HEG4_chr10_2404092_2868093 296534 296211 HEG4_chr10_2404092_2868093
246 86.00 296211 296534 HEG4_chr10_2404092_2868093 298017 297698 HEG4_chr10_2404092_2868093
246 88.00 207269 207503 HEG4_chr10_2404092_2868093 314317 314082 HEG4_chr10_2404092_2868093
244 94.00 295543 295697 HEG4_chr10_2404092_2868093 281147 281301 HEG4_chr10_2404092_2868093
244 94.00 281147 281301 HEG4_chr10_2404092_2868093 295543 295697 HEG4_chr10_2404092_2868093
240 88.00 314082 314317 HEG4_chr10_2404092_2868093 164081 164313 HEG4_chr10_2404092_2868093
240 88.00 164081 164313 HEG4_chr10_2404092_2868093 314082 314317 HEG4_chr10_2404092_2868093
238 89.00 140708 140927 HEG4_chr10_2404092_2868093 2947 3165 HEG4_chr10_2404092_2868093
238 89.00 2947 3165 HEG4_chr10_2404092_2868093 140708 140927 HEG4_chr10_2404092_2868093
236 87.00 234354 234583 HEG4_chr10_2404092_2868093 233748 233531 HEG4_chr10_2404092_2868093
236 87.00 233531 233748 HEG4_chr10_2404092_2868093 234583 234354 HEG4_chr10_2404092_2868093
236 89.00 395257 395467 HEG4_chr10_2404092_2868093 363975 363771 HEG4_chr10_2404092_2868093
236 89.00 363771 363975 HEG4_chr10_2404092_2868093 395467 395257 HEG4_chr10_2404092_2868093
230 96.00 352218 352353 HEG4_chr10_2404092_2868093 347264 347129 HEG4_chr10_2404092_2868093
230 96.00 347129 347264 HEG4_chr10_2404092_2868093 352353 352218 HEG4_chr10_2404092_2868093
228 88.00 242125 242362 HEG4_chr10_2404092_2868093 91943 92179 HEG4_chr10_2404092_2868093
228 91.00 169385 169573 HEG4_chr10_2404092_2868093 100907 101097 HEG4_chr10_2404092_2868093
228 91.00 100907 101097 HEG4_chr10_2404092_2868093 169385 169573 HEG4_chr10_2404092_2868093
228 88.00 91943 92179 HEG4_chr10_2404092_2868093 242125 242362 HEG4_chr10_2404092_2868093
226 93.00 421007 421164 HEG4_chr10_2404092_2868093 417958 417801 HEG4_chr10_2404092_2868093
226 93.00 417801 417958 HEG4_chr10_2404092_2868093 421164 421007 HEG4_chr10_2404092_2868093
224 91.00 241932 242112 HEG4_chr10_2404092_2868093 94599 94420 HEG4_chr10_2404092_2868093
224 91.00 94420 94599 HEG4_chr10_2404092_2868093 242112 241932 HEG4_chr10_2404092_2868093
218 89.00 421601 421790 HEG4_chr10_2404092_2868093 417275 417086 HEG4_chr10_2404092_2868093
218 89.00 417086 417275 HEG4_chr10_2404092_2868093 421790 421601 HEG4_chr10_2404092_2868093
214 94.00 416140 416279 HEG4_chr10_2404092_2868093 416066 415927 HEG4_chr10_2404092_2868093
214 94.00 415927 416066 HEG4_chr10_2404092_2868093 416279 416140 HEG4_chr10_2404092_2868093
212 88.00 244100 244309 HEG4_chr10_2404092_2868093 93871 94080 HEG4_chr10_2404092_2868093
212 88.00 93871 94080 HEG4_chr10_2404092_2868093 244100 244309 HEG4_chr10_2404092_2868093
210 83.00 247855 248203 HEG4_chr10_2404092_2868093 140507 140159 HEG4_chr10_2404092_2868093
210 83.00 140159 140507 HEG4_chr10_2404092_2868093 248203 247855 HEG4_chr10_2404092_2868093
210 92.00 371532 371684 HEG4_chr10_2404092_2868093 363774 363929 HEG4_chr10_2404092_2868093
210 92.00 363774 363929 HEG4_chr10_2404092_2868093 371532 371684 HEG4_chr10_2404092_2868093
206 85.00 73765 74015 HEG4_chr10_2404092_2868093 74015 73765 HEG4_chr10_2404092_2868093
206 91.00 423301 423460 HEG4_chr10_2404092_2868093 149185 149344 HEG4_chr10_2404092_2868093
206 97.00 244822 244937 HEG4_chr10_2404092_2868093 215306 215421 HEG4_chr10_2404092_2868093
206 97.00 215306 215421 HEG4_chr10_2404092_2868093 244822 244937 HEG4_chr10_2404092_2868093
206 91.00 149185 149344 HEG4_chr10_2404092_2868093 423301 423460 HEG4_chr10_2404092_2868093
204 93.00 337676 337814 HEG4_chr10_2404092_2868093 148986 148848 HEG4_chr10_2404092_2868093
204 93.00 148848 148986 HEG4_chr10_2404092_2868093 337814 337676 HEG4_chr10_2404092_2868093
202 87.00 260649 260877 HEG4_chr10_2404092_2868093 42626 42402 HEG4_chr10_2404092_2868093
202 87.00 42402 42626 HEG4_chr10_2404092_2868093 260877 260649 HEG4_chr10_2404092_2868093
200 89.00 380606 380781 HEG4_chr10_2404092_2868093 31939 32115 HEG4_chr10_2404092_2868093
200 86.00 264777 265015 HEG4_chr10_2404092_2868093 164077 164314 HEG4_chr10_2404092_2868093
200 87.00 199962 200169 HEG4_chr10_2404092_2868093 165984 165774 HEG4_chr10_2404092_2868093
200 90.00 442670 442838 HEG4_chr10_2404092_2868093 185307 185472 HEG4_chr10_2404092_2868093
200 87.00 165774 165984 HEG4_chr10_2404092_2868093 200169 199962 HEG4_chr10_2404092_2868093
200 86.00 164077 164314 HEG4_chr10_2404092_2868093 264777 265015 HEG4_chr10_2404092_2868093
200 89.00 31939 32115 HEG4_chr10_2404092_2868093 380606 380781 HEG4_chr10_2404092_2868093
200 90.00 185307 185472 HEG4_chr10_2404092_2868093 442670 442838 HEG4_chr10_2404092_2868093
194 85.00 264777 265015 HEG4_chr10_2404092_2868093 207507 207268 HEG4_chr10_2404092_2868093
194 85.00 207268 207507 HEG4_chr10_2404092_2868093 265015 264777 HEG4_chr10_2404092_2868093
192 86.00 159947 160173 HEG4_chr10_2404092_2868093 114333 114560 HEG4_chr10_2404092_2868093
192 86.00 114333 114560 HEG4_chr10_2404092_2868093 159947 160173 HEG4_chr10_2404092_2868093
192 88.00 372456 372654 HEG4_chr10_2404092_2868093 356746 356947 HEG4_chr10_2404092_2868093
192 88.00 356746 356947 HEG4_chr10_2404092_2868093 372456 372654 HEG4_chr10_2404092_2868093
190 87.00 287733 287943 HEG4_chr10_2404092_2868093 91931 92141 HEG4_chr10_2404092_2868093
190 87.00 91931 92141 HEG4_chr10_2404092_2868093 287733 287943 HEG4_chr10_2404092_2868093
188 88.00 265533 265711 HEG4_chr10_2404092_2868093 185515 185343 HEG4_chr10_2404092_2868093
188 90.00 266744 266895 HEG4_chr10_2404092_2868093 259417 259264 HEG4_chr10_2404092_2868093
188 85.00 314082 314317 HEG4_chr10_2404092_2868093 265754 265517 HEG4_chr10_2404092_2868093
188 88.00 185343 185515 HEG4_chr10_2404092_2868093 265711 265533 HEG4_chr10_2404092_2868093
188 90.00 259264 259417 HEG4_chr10_2404092_2868093 266895 266744 HEG4_chr10_2404092_2868093
188 90.00 446552 446706 HEG4_chr10_2404092_2868093 266899 266745 HEG4_chr10_2404092_2868093
188 85.00 265517 265754 HEG4_chr10_2404092_2868093 314317 314082 HEG4_chr10_2404092_2868093
188 91.00 370336 370479 HEG4_chr10_2404092_2868093 362594 362733 HEG4_chr10_2404092_2868093
188 91.00 362594 362733 HEG4_chr10_2404092_2868093 370336 370479 HEG4_chr10_2404092_2868093
188 90.00 266745 266899 HEG4_chr10_2404092_2868093 446706 446552 HEG4_chr10_2404092_2868093
186 87.00 287735 287951 HEG4_chr10_2404092_2868093 242115 242329 HEG4_chr10_2404092_2868093
186 87.00 242115 242329 HEG4_chr10_2404092_2868093 287735 287951 HEG4_chr10_2404092_2868093
184 88.00 173509 173687 HEG4_chr10_2404092_2868093 83069 82892 HEG4_chr10_2404092_2868093
184 88.00 82892 83069 HEG4_chr10_2404092_2868093 173687 173509 HEG4_chr10_2404092_2868093
184 92.00 333621 333757 HEG4_chr10_2404092_2868093 185365 185500 HEG4_chr10_2404092_2868093
184 85.00 314082 314317 HEG4_chr10_2404092_2868093 264781 265014 HEG4_chr10_2404092_2868093
184 85.00 264781 265014 HEG4_chr10_2404092_2868093 314082 314317 HEG4_chr10_2404092_2868093
184 92.00 185365 185500 HEG4_chr10_2404092_2868093 333621 333757 HEG4_chr10_2404092_2868093
182 84.00 305633 305853 HEG4_chr10_2404092_2868093 160173 159941 HEG4_chr10_2404092_2868093
182 90.00 276651 276803 HEG4_chr10_2404092_2868093 173662 173508 HEG4_chr10_2404092_2868093
182 90.00 173508 173662 HEG4_chr10_2404092_2868093 276803 276651 HEG4_chr10_2404092_2868093
182 84.00 159941 160173 HEG4_chr10_2404092_2868093 305853 305633 HEG4_chr10_2404092_2868093
182 86.00 370578 370796 HEG4_chr10_2404092_2868093 369351 369559 HEG4_chr10_2404092_2868093
182 86.00 369351 369559 HEG4_chr10_2404092_2868093 370578 370796 HEG4_chr10_2404092_2868093
180 85.00 42383 42624 HEG4_chr10_2404092_2868093 2831 2586 HEG4_chr10_2404092_2868093
180 85.00 2586 2831 HEG4_chr10_2404092_2868093 42624 42383 HEG4_chr10_2404092_2868093
180 93.00 371532 371654 HEG4_chr10_2404092_2868093 355702 355824 HEG4_chr10_2404092_2868093
180 93.00 355702 355824 HEG4_chr10_2404092_2868093 371532 371654 HEG4_chr10_2404092_2868093
178 85.00 265516 265759 HEG4_chr10_2404092_2868093 164314 164076 HEG4_chr10_2404092_2868093
178 84.00 265516 265760 HEG4_chr10_2404092_2868093 207268 207509 HEG4_chr10_2404092_2868093
178 90.00 446556 446706 HEG4_chr10_2404092_2868093 259264 259416 HEG4_chr10_2404092_2868093
178 84.00 207268 207509 HEG4_chr10_2404092_2868093 265516 265760 HEG4_chr10_2404092_2868093
178 85.00 164076 164314 HEG4_chr10_2404092_2868093 265759 265516 HEG4_chr10_2404092_2868093
178 90.00 259264 259416 HEG4_chr10_2404092_2868093 446556 446706 HEG4_chr10_2404092_2868093
176 96.00 309208 309312 HEG4_chr10_2404092_2868093 101250 101146 HEG4_chr10_2404092_2868093
176 96.00 101146 101250 HEG4_chr10_2404092_2868093 309312 309208 HEG4_chr10_2404092_2868093
174 87.00 173508 173687 HEG4_chr10_2404092_2868093 81563 81745 HEG4_chr10_2404092_2868093
174 87.00 81563 81745 HEG4_chr10_2404092_2868093 173508 173687 HEG4_chr10_2404092_2868093
174 91.00 395330 395467 HEG4_chr10_2404092_2868093 355833 355699 HEG4_chr10_2404092_2868093
174 91.00 355699 355833 HEG4_chr10_2404092_2868093 395467 395330 HEG4_chr10_2404092_2868093
174 91.00 416154 416282 HEG4_chr10_2404092_2868093 415769 415635 HEG4_chr10_2404092_2868093
174 91.00 415635 415769 HEG4_chr10_2404092_2868093 416282 416154 HEG4_chr10_2404092_2868093
172 84.00 461869 462117 HEG4_chr10_2404092_2868093 167247 167497 HEG4_chr10_2404092_2868093
172 89.00 191907 192057 HEG4_chr10_2404092_2868093 189357 189207 HEG4_chr10_2404092_2868093
172 89.00 189207 189357 HEG4_chr10_2404092_2868093 192057 191907 HEG4_chr10_2404092_2868093
172 89.00 340490 340636 HEG4_chr10_2404092_2868093 340636 340490 HEG4_chr10_2404092_2868093
172 84.00 167247 167497 HEG4_chr10_2404092_2868093 461869 462117 HEG4_chr10_2404092_2868093
170 84.00 241292 241565 HEG4_chr10_2404092_2868093 48972 49249 HEG4_chr10_2404092_2868093
170 92.00 275623 275747 HEG4_chr10_2404092_2868093 83044 82919 HEG4_chr10_2404092_2868093
170 84.00 260651 260880 HEG4_chr10_2404092_2868093 140684 140913 HEG4_chr10_2404092_2868093
170 84.00 48972 49249 HEG4_chr10_2404092_2868093 241292 241565 HEG4_chr10_2404092_2868093
170 84.00 140684 140913 HEG4_chr10_2404092_2868093 260651 260880 HEG4_chr10_2404092_2868093
170 92.00 82919 83044 HEG4_chr10_2404092_2868093 275747 275623 HEG4_chr10_2404092_2868093
168 88.00 174756 174931 HEG4_chr10_2404092_2868093 81742 81567 HEG4_chr10_2404092_2868093
168 88.00 81567 81742 HEG4_chr10_2404092_2868093 174931 174756 HEG4_chr10_2404092_2868093
168 85.00 207285 207490 HEG4_chr10_2404092_2868093 185515 185312 HEG4_chr10_2404092_2868093
168 85.00 185312 185515 HEG4_chr10_2404092_2868093 207490 207285 HEG4_chr10_2404092_2868093
167 89.00 276652 276802 HEG4_chr10_2404092_2868093 82918 83069 HEG4_chr10_2404092_2868093
167 89.00 82918 83069 HEG4_chr10_2404092_2868093 276652 276802 HEG4_chr10_2404092_2868093
165 83.00 140681 140935 HEG4_chr10_2404092_2868093 2583 2837 HEG4_chr10_2404092_2868093
165 83.00 2583 2837 HEG4_chr10_2404092_2868093 140681 140935 HEG4_chr10_2404092_2868093
165 85.00 372456 372654 HEG4_chr10_2404092_2868093 364235 364432 HEG4_chr10_2404092_2868093
165 85.00 364235 364432 HEG4_chr10_2404092_2868093 372456 372654 HEG4_chr10_2404092_2868093
163 89.00 309379 309524 HEG4_chr10_2404092_2868093 22764 22908 HEG4_chr10_2404092_2868093
163 87.00 314155 314320 HEG4_chr10_2404092_2868093 185369 185534 HEG4_chr10_2404092_2868093
163 85.00 333565 333781 HEG4_chr10_2404092_2868093 264794 265007 HEG4_chr10_2404092_2868093
163 89.00 22764 22908 HEG4_chr10_2404092_2868093 309379 309524 HEG4_chr10_2404092_2868093
163 87.00 185369 185534 HEG4_chr10_2404092_2868093 314155 314320 HEG4_chr10_2404092_2868093
163 85.00 264794 265007 HEG4_chr10_2404092_2868093 333565 333781 HEG4_chr10_2404092_2868093
161 90.00 4054 4193 HEG4_chr10_2404092_2868093 4193 4054 HEG4_chr10_2404092_2868093
159 89.00 105885 106032 HEG4_chr10_2404092_2868093 22908 22762 HEG4_chr10_2404092_2868093
159 82.00 367315 367570 HEG4_chr10_2404092_2868093 91235 91490 HEG4_chr10_2404092_2868093
159 89.00 22762 22908 HEG4_chr10_2404092_2868093 106032 105885 HEG4_chr10_2404092_2868093
159 90.00 442707 442838 HEG4_chr10_2404092_2868093 207458 207328 HEG4_chr10_2404092_2868093
159 87.00 442673 442828 HEG4_chr10_2404092_2868093 333563 333718 HEG4_chr10_2404092_2868093
159 82.00 91235 91490 HEG4_chr10_2404092_2868093 367315 367570 HEG4_chr10_2404092_2868093
159 87.00 333563 333718 HEG4_chr10_2404092_2868093 442673 442828 HEG4_chr10_2404092_2868093
159 90.00 207328 207458 HEG4_chr10_2404092_2868093 442838 442707 HEG4_chr10_2404092_2868093
157 84.00 84432 84646 HEG4_chr10_2404092_2868093 61908 62122 HEG4_chr10_2404092_2868093
157 84.00 61908 62122 HEG4_chr10_2404092_2868093 84432 84646 HEG4_chr10_2404092_2868093
157 86.00 264822 264998 HEG4_chr10_2404092_2868093 185341 185515 HEG4_chr10_2404092_2868093
157 86.00 185341 185515 HEG4_chr10_2404092_2868093 264822 264998 HEG4_chr10_2404092_2868093
157 90.00 306440 306574 HEG4_chr10_2404092_2868093 306205 306072 HEG4_chr10_2404092_2868093
157 90.00 306072 306205 HEG4_chr10_2404092_2868093 306574 306440 HEG4_chr10_2404092_2868093
155 85.00 386039 386235 HEG4_chr10_2404092_2868093 335499 335692 HEG4_chr10_2404092_2868093
155 85.00 335499 335692 HEG4_chr10_2404092_2868093 386039 386235 HEG4_chr10_2404092_2868093
153 84.00 260676 260880 HEG4_chr10_2404092_2868093 2948 3151 HEG4_chr10_2404092_2868093
153 93.00 199713 199817 HEG4_chr10_2404092_2868093 166215 166111 HEG4_chr10_2404092_2868093
153 90.00 275623 275747 HEG4_chr10_2404092_2868093 173536 173660 HEG4_chr10_2404092_2868093
153 93.00 166111 166215 HEG4_chr10_2404092_2868093 199817 199713 HEG4_chr10_2404092_2868093
153 84.00 2948 3151 HEG4_chr10_2404092_2868093 260676 260880 HEG4_chr10_2404092_2868093
153 90.00 173536 173660 HEG4_chr10_2404092_2868093 275623 275747 HEG4_chr10_2404092_2868093
151 90.00 442839 442965 HEG4_chr10_2404092_2868093 39561 39688 HEG4_chr10_2404092_2868093
151 88.00 85710 85845 HEG4_chr10_2404092_2868093 63231 63366 HEG4_chr10_2404092_2868093
151 88.00 63231 63366 HEG4_chr10_2404092_2868093 85710 85845 HEG4_chr10_2404092_2868093
151 88.00 185372 185515 HEG4_chr10_2404092_2868093 164155 164297 HEG4_chr10_2404092_2868093
151 88.00 164155 164297 HEG4_chr10_2404092_2868093 185372 185515 HEG4_chr10_2404092_2868093
151 89.00 442705 442837 HEG4_chr10_2404092_2868093 265711 265577 HEG4_chr10_2404092_2868093
151 89.00 265577 265711 HEG4_chr10_2404092_2868093 442837 442705 HEG4_chr10_2404092_2868093
151 90.00 39561 39688 HEG4_chr10_2404092_2868093 442839 442965 HEG4_chr10_2404092_2868093
149 88.00 274538 274680 HEG4_chr10_2404092_2868093 39702 39560 HEG4_chr10_2404092_2868093
149 88.00 39560 39702 HEG4_chr10_2404092_2868093 274680 274538 HEG4_chr10_2404092_2868093
149 84.00 395564 395765 HEG4_chr10_2404092_2868093 335692 335494 HEG4_chr10_2404092_2868093
149 84.00 335494 335692 HEG4_chr10_2404092_2868093 395765 395564 HEG4_chr10_2404092_2868093
149 87.00 458822 458972 HEG4_chr10_2404092_2868093 442301 442151 HEG4_chr10_2404092_2868093
149 87.00 442151 442301 HEG4_chr10_2404092_2868093 458972 458822 HEG4_chr10_2404092_2868093
147 90.00 275623 275747 HEG4_chr10_2404092_2868093 81593 81718 HEG4_chr10_2404092_2868093
147 84.00 254391 254584 HEG4_chr10_2404092_2868093 140532 140339 HEG4_chr10_2404092_2868093
147 84.00 140339 140532 HEG4_chr10_2404092_2868093 254584 254391 HEG4_chr10_2404092_2868093
147 88.00 442168 442301 HEG4_chr10_2404092_2868093 261054 261187 HEG4_chr10_2404092_2868093
147 85.00 442658 442838 HEG4_chr10_2404092_2868093 264777 264955 HEG4_chr10_2404092_2868093
147 92.00 336133 336246 HEG4_chr10_2404092_2868093 265515 265631 HEG4_chr10_2404092_2868093
147 90.00 81593 81718 HEG4_chr10_2404092_2868093 275623 275747 HEG4_chr10_2404092_2868093
147 92.00 265515 265631 HEG4_chr10_2404092_2868093 336133 336246 HEG4_chr10_2404092_2868093
147 90.00 377224 377343 HEG4_chr10_2404092_2868093 375298 375182 HEG4_chr10_2404092_2868093
147 90.00 375182 375298 HEG4_chr10_2404092_2868093 377343 377224 HEG4_chr10_2404092_2868093
147 97.00 416588 416669 HEG4_chr10_2404092_2868093 416507 416426 HEG4_chr10_2404092_2868093
147 97.00 416426 416507 HEG4_chr10_2404092_2868093 416669 416588 HEG4_chr10_2404092_2868093
147 88.00 261054 261187 HEG4_chr10_2404092_2868093 442168 442301 HEG4_chr10_2404092_2868093
147 85.00 264777 264955 HEG4_chr10_2404092_2868093 442658 442838 HEG4_chr10_2404092_2868093
147 87.00 446553 446706 HEG4_chr10_2404092_2868093 446706 446553 HEG4_chr10_2404092_2868093
145 85.00 174756 174931 HEG4_chr10_2404092_2868093 82895 83066 HEG4_chr10_2404092_2868093
145 85.00 82895 83066 HEG4_chr10_2404092_2868093 174756 174931 HEG4_chr10_2404092_2868093
143 83.00 332661 332865 HEG4_chr10_2404092_2868093 40077 39890 HEG4_chr10_2404092_2868093
143 90.00 276652 276774 HEG4_chr10_2404092_2868093 81719 81596 HEG4_chr10_2404092_2868093
143 97.00 134871 134950 HEG4_chr10_2404092_2868093 134950 134871 HEG4_chr10_2404092_2868093
143 87.00 314089 314240 HEG4_chr10_2404092_2868093 169178 169328 HEG4_chr10_2404092_2868093
143 90.00 81596 81719 HEG4_chr10_2404092_2868093 276774 276652 HEG4_chr10_2404092_2868093
143 87.00 169178 169328 HEG4_chr10_2404092_2868093 314089 314240 HEG4_chr10_2404092_2868093
143 83.00 39890 40077 HEG4_chr10_2404092_2868093 332865 332661 HEG4_chr10_2404092_2868093
143 84.00 370336 370553 HEG4_chr10_2404092_2868093 369059 369274 HEG4_chr10_2404092_2868093
143 84.00 369059 369274 HEG4_chr10_2404092_2868093 370336 370553 HEG4_chr10_2404092_2868093
141 89.00 423314 423432 HEG4_chr10_2404092_2868093 149586 149468 HEG4_chr10_2404092_2868093
141 86.00 446552 446706 HEG4_chr10_2404092_2868093 266744 266898 HEG4_chr10_2404092_2868093
141 84.00 371231 371432 HEG4_chr10_2404092_2868093 335494 335692 HEG4_chr10_2404092_2868093
141 84.00 335494 335692 HEG4_chr10_2404092_2868093 371231 371432 HEG4_chr10_2404092_2868093
141 89.00 149468 149586 HEG4_chr10_2404092_2868093 423432 423314 HEG4_chr10_2404092_2868093
141 86.00 266744 266898 HEG4_chr10_2404092_2868093 446552 446706 HEG4_chr10_2404092_2868093
139 85.00 69407 69590 HEG4_chr10_2404092_2868093 38324 38508 HEG4_chr10_2404092_2868093
139 79.00 84070 84419 HEG4_chr10_2404092_2868093 59584 59924 HEG4_chr10_2404092_2868093
139 85.00 38324 38508 HEG4_chr10_2404092_2868093 69407 69590 HEG4_chr10_2404092_2868093
139 79.00 59584 59924 HEG4_chr10_2404092_2868093 84070 84419 HEG4_chr10_2404092_2868093
139 93.00 265407 265500 HEG4_chr10_2404092_2868093 96610 96703 HEG4_chr10_2404092_2868093
139 86.00 171316 171470 HEG4_chr10_2404092_2868093 171232 171076 HEG4_chr10_2404092_2868093
139 86.00 171076 171232 HEG4_chr10_2404092_2868093 171470 171316 HEG4_chr10_2404092_2868093
139 89.00 333604 333741 HEG4_chr10_2404092_2868093 207451 207316 HEG4_chr10_2404092_2868093
139 93.00 96610 96703 HEG4_chr10_2404092_2868093 265407 265500 HEG4_chr10_2404092_2868093
139 90.00 333604 333718 HEG4_chr10_2404092_2868093 265702 265586 HEG4_chr10_2404092_2868093
139 88.00 442678 442807 HEG4_chr10_2404092_2868093 265796 265925 HEG4_chr10_2404092_2868093
139 89.00 207316 207451 HEG4_chr10_2404092_2868093 333741 333604 HEG4_chr10_2404092_2868093
139 90.00 265586 265702 HEG4_chr10_2404092_2868093 333718 333604 HEG4_chr10_2404092_2868093
139 88.00 265796 265925 HEG4_chr10_2404092_2868093 442678 442807 HEG4_chr10_2404092_2868093
137 90.00 336131 336246 HEG4_chr10_2404092_2868093 265018 264902 HEG4_chr10_2404092_2868093
137 90.00 264902 265018 HEG4_chr10_2404092_2868093 336246 336131 HEG4_chr10_2404092_2868093
135 85.00 42385 42565 HEG4_chr10_2404092_2868093 3165 2984 HEG4_chr10_2404092_2868093
135 82.00 140684 140929 HEG4_chr10_2404092_2868093 42624 42383 HEG4_chr10_2404092_2868093
135 85.00 2984 3165 HEG4_chr10_2404092_2868093 42565 42385 HEG4_chr10_2404092_2868093
135 82.00 42383 42624 HEG4_chr10_2404092_2868093 140929 140684 HEG4_chr10_2404092_2868093
135 90.00 149467 149578 HEG4_chr10_2404092_2868093 149317 149206 HEG4_chr10_2404092_2868093
135 90.00 149206 149317 HEG4_chr10_2404092_2868093 149578 149467 HEG4_chr10_2404092_2868093
135 87.00 225373 225513 HEG4_chr10_2404092_2868093 155096 154965 HEG4_chr10_2404092_2868093
135 87.00 154965 155096 HEG4_chr10_2404092_2868093 225513 225373 HEG4_chr10_2404092_2868093
135 87.00 259267 259410 HEG4_chr10_2404092_2868093 259410 259267 HEG4_chr10_2404092_2868093
135 85.00 266744 266899 HEG4_chr10_2404092_2868093 266899 266744 HEG4_chr10_2404092_2868093
135 87.00 442703 442838 HEG4_chr10_2404092_2868093 314123 314258 HEG4_chr10_2404092_2868093
135 87.00 314123 314258 HEG4_chr10_2404092_2868093 442703 442838 HEG4_chr10_2404092_2868093
133 88.00 100955 101097 HEG4_chr10_2404092_2868093 22907 22767 HEG4_chr10_2404092_2868093
133 88.00 22767 22907 HEG4_chr10_2404092_2868093 101097 100955 HEG4_chr10_2404092_2868093
133 83.00 355402 355603 HEG4_chr10_2404092_2868093 335494 335692 HEG4_chr10_2404092_2868093
133 83.00 335494 335692 HEG4_chr10_2404092_2868093 355402 355603 HEG4_chr10_2404092_2868093
131 87.00 169432 169576 HEG4_chr10_2404092_2868093 22908 22764 HEG4_chr10_2404092_2868093
131 90.00 336134 336246 HEG4_chr10_2404092_2868093 164314 164201 HEG4_chr10_2404092_2868093
131 94.00 185369 185454 HEG4_chr10_2404092_2868093 169243 169328 HEG4_chr10_2404092_2868093
131 87.00 22764 22908 HEG4_chr10_2404092_2868093 169576 169432 HEG4_chr10_2404092_2868093
131 89.00 276652 276776 HEG4_chr10_2404092_2868093 174779 174903 HEG4_chr10_2404092_2868093
131 94.00 169243 169328 HEG4_chr10_2404092_2868093 185369 185454 HEG4_chr10_2404092_2868093
131 84.00 442839 443002 HEG4_chr10_2404092_2868093 274679 274508 HEG4_chr10_2404092_2868093
131 89.00 174779 174903 HEG4_chr10_2404092_2868093 276652 276776 HEG4_chr10_2404092_2868093
131 90.00 164201 164314 HEG4_chr10_2404092_2868093 336246 336134 HEG4_chr10_2404092_2868093
131 90.00 423510 423615 HEG4_chr10_2404092_2868093 423473 423368 HEG4_chr10_2404092_2868093
131 90.00 423368 423473 HEG4_chr10_2404092_2868093 423615 423510 HEG4_chr10_2404092_2868093
131 84.00 274508 274679 HEG4_chr10_2404092_2868093 443002 442839 HEG4_chr10_2404092_2868093
129 84.00 89434 89606 HEG4_chr10_2404092_2868093 88694 88517 HEG4_chr10_2404092_2868093
129 84.00 88517 88694 HEG4_chr10_2404092_2868093 89606 89434 HEG4_chr10_2404092_2868093
129 88.00 442703 442838 HEG4_chr10_2404092_2868093 164122 164254 HEG4_chr10_2404092_2868093
129 88.00 265605 265721 HEG4_chr10_2404092_2868093 169319 169203 HEG4_chr10_2404092_2868093
129 91.00 333610 333710 HEG4_chr10_2404092_2868093 169228 169328 HEG4_chr10_2404092_2868093
129 88.00 169203 169319 HEG4_chr10_2404092_2868093 265721 265605 HEG4_chr10_2404092_2868093
129 91.00 169228 169328 HEG4_chr10_2404092_2868093 333610 333710 HEG4_chr10_2404092_2868093
129 88.00 164122 164254 HEG4_chr10_2404092_2868093 442703 442838 HEG4_chr10_2404092_2868093
125 97.00 333002 333072 HEG4_chr10_2404092_2868093 39695 39625 HEG4_chr10_2404092_2868093
125 97.00 39625 39695 HEG4_chr10_2404092_2868093 333072 333002 HEG4_chr10_2404092_2868093
123 81.00 85281 85531 HEG4_chr10_2404092_2868093 62802 63043 HEG4_chr10_2404092_2868093
123 81.00 62802 63043 HEG4_chr10_2404092_2868093 85281 85531 HEG4_chr10_2404092_2868093
123 88.00 442703 442820 HEG4_chr10_2404092_2868093 169211 169328 HEG4_chr10_2404092_2868093
123 89.00 265823 265928 HEG4_chr10_2404092_2868093 169213 169318 HEG4_chr10_2404092_2868093
123 89.00 207346 207458 HEG4_chr10_2404092_2868093 169328 169215 HEG4_chr10_2404092_2868093
123 89.00 169215 169328 HEG4_chr10_2404092_2868093 207458 207346 HEG4_chr10_2404092_2868093
123 89.00 169213 169318 HEG4_chr10_2404092_2868093 265823 265928 HEG4_chr10_2404092_2868093
123 88.00 169211 169328 HEG4_chr10_2404092_2868093 442703 442820 HEG4_chr10_2404092_2868093
121 91.00 336151 336246 HEG4_chr10_2404092_2868093 185515 185419 HEG4_chr10_2404092_2868093
121 84.00 247870 248026 HEG4_chr10_2404092_2868093 212780 212936 HEG4_chr10_2404092_2868093
121 84.00 212780 212936 HEG4_chr10_2404092_2868093 247870 248026 HEG4_chr10_2404092_2868093
121 82.00 331770 331952 HEG4_chr10_2404092_2868093 273308 273479 HEG4_chr10_2404092_2868093
121 82.00 273308 273479 HEG4_chr10_2404092_2868093 331770 331952 HEG4_chr10_2404092_2868093
121 91.00 185419 185515 HEG4_chr10_2404092_2868093 336246 336151 HEG4_chr10_2404092_2868093
119 86.00 304480 304631 HEG4_chr10_2404092_2868093 70366 70218 HEG4_chr10_2404092_2868093
119 85.00 418577 418724 HEG4_chr10_2404092_2868093 111103 110957 HEG4_chr10_2404092_2868093
119 86.00 70218 70366 HEG4_chr10_2404092_2868093 304631 304480 HEG4_chr10_2404092_2868093
119 85.00 404242 404385 HEG4_chr10_2404092_2868093 335547 335690 HEG4_chr10_2404092_2868093
119 85.00 335547 335690 HEG4_chr10_2404092_2868093 404242 404385 HEG4_chr10_2404092_2868093
119 85.00 110957 111103 HEG4_chr10_2404092_2868093 418724 418577 HEG4_chr10_2404092_2868093
117 81.00 305633 305858 HEG4_chr10_2404092_2868093 114560 114322 HEG4_chr10_2404092_2868093
117 86.00 136181 136303 HEG4_chr10_2404092_2868093 127172 127284 HEG4_chr10_2404092_2868093
117 94.00 388050 388124 HEG4_chr10_2404092_2868093 134876 134950 HEG4_chr10_2404092_2868093
117 86.00 127172 127284 HEG4_chr10_2404092_2868093 136181 136303 HEG4_chr10_2404092_2868093
117 86.00 264794 264937 HEG4_chr10_2404092_2868093 169184 169328 HEG4_chr10_2404092_2868093
117 89.00 336134 336243 HEG4_chr10_2404092_2868093 207268 207378 HEG4_chr10_2404092_2868093
117 86.00 169184 169328 HEG4_chr10_2404092_2868093 264794 264937 HEG4_chr10_2404092_2868093
117 81.00 114322 114560 HEG4_chr10_2404092_2868093 305858 305633 HEG4_chr10_2404092_2868093
117 89.00 207268 207378 HEG4_chr10_2404092_2868093 336134 336243 HEG4_chr10_2404092_2868093
117 94.00 134876 134950 HEG4_chr10_2404092_2868093 388050 388124 HEG4_chr10_2404092_2868093
115 86.00 132415 132546 HEG4_chr10_2404092_2868093 122567 122690 HEG4_chr10_2404092_2868093
115 86.00 122567 122690 HEG4_chr10_2404092_2868093 132415 132546 HEG4_chr10_2404092_2868093
115 92.00 333628 333717 HEG4_chr10_2404092_2868093 164155 164243 HEG4_chr10_2404092_2868093
115 85.00 446559 446697 HEG4_chr10_2404092_2868093 259410 259270 HEG4_chr10_2404092_2868093
115 92.00 164155 164243 HEG4_chr10_2404092_2868093 333628 333717 HEG4_chr10_2404092_2868093
115 85.00 259270 259410 HEG4_chr10_2404092_2868093 446697 446559 HEG4_chr10_2404092_2868093
113 93.00 388066 388142 HEG4_chr10_2404092_2868093 134874 134950 HEG4_chr10_2404092_2868093
113 93.00 134874 134950 HEG4_chr10_2404092_2868093 388066 388142 HEG4_chr10_2404092_2868093
113 91.00 444539 444620 HEG4_chr10_2404092_2868093 428844 428929 HEG4_chr10_2404092_2868093
113 91.00 428844 428929 HEG4_chr10_2404092_2868093 444539 444620 HEG4_chr10_2404092_2868093
111 92.00 418823 418910 HEG4_chr10_2404092_2868093 110949 110863 HEG4_chr10_2404092_2868093
111 92.00 423523 423602 HEG4_chr10_2404092_2868093 149344 149265 HEG4_chr10_2404092_2868093
111 82.00 265813 265997 HEG4_chr10_2404092_2868093 185333 185520 HEG4_chr10_2404092_2868093
111 82.00 185333 185520 HEG4_chr10_2404092_2868093 265813 265997 HEG4_chr10_2404092_2868093
111 92.00 110863 110949 HEG4_chr10_2404092_2868093 418910 418823 HEG4_chr10_2404092_2868093
111 92.00 149265 149344 HEG4_chr10_2404092_2868093 423602 423523 HEG4_chr10_2404092_2868093
109 87.00 275626 275747 HEG4_chr10_2404092_2868093 174901 174780 HEG4_chr10_2404092_2868093
109 90.00 333610 333700 HEG4_chr10_2404092_2868093 265838 265928 HEG4_chr10_2404092_2868093
109 87.00 174780 174901 HEG4_chr10_2404092_2868093 275747 275626 HEG4_chr10_2404092_2868093
109 90.00 265838 265928 HEG4_chr10_2404092_2868093 333610 333700 HEG4_chr10_2404092_2868093
107 92.00 388050 388127 HEG4_chr10_2404092_2868093 134947 134870 HEG4_chr10_2404092_2868093
107 92.00 388073 388150 HEG4_chr10_2404092_2868093 134871 134948 HEG4_chr10_2404092_2868093
107 81.00 211996 212208 HEG4_chr10_2404092_2868093 211688 211487 HEG4_chr10_2404092_2868093
107 81.00 211487 211688 HEG4_chr10_2404092_2868093 212208 211996 HEG4_chr10_2404092_2868093
107 94.00 336248 336317 HEG4_chr10_2404092_2868093 265657 265726 HEG4_chr10_2404092_2868093
107 84.00 329937 330093 HEG4_chr10_2404092_2868093 266899 266745 HEG4_chr10_2404092_2868093
107 84.00 266745 266899 HEG4_chr10_2404092_2868093 330093 329937 HEG4_chr10_2404092_2868093
107 94.00 265657 265726 HEG4_chr10_2404092_2868093 336248 336317 HEG4_chr10_2404092_2868093
107 92.00 134870 134947 HEG4_chr10_2404092_2868093 388127 388050 HEG4_chr10_2404092_2868093
107 92.00 134871 134948 HEG4_chr10_2404092_2868093 388073 388150 HEG4_chr10_2404092_2868093
105 89.00 73154 73242 HEG4_chr10_2404092_2868093 44597 44685 HEG4_chr10_2404092_2868093
105 89.00 44597 44685 HEG4_chr10_2404092_2868093 73154 73242 HEG4_chr10_2404092_2868093
105 91.00 388051 388131 HEG4_chr10_2404092_2868093 134950 134870 HEG4_chr10_2404092_2868093
105 92.00 388050 388126 HEG4_chr10_2404092_2868093 134872 134948 HEG4_chr10_2404092_2868093
105 92.00 388050 388126 HEG4_chr10_2404092_2868093 134949 134873 HEG4_chr10_2404092_2868093
105 92.00 388050 388126 HEG4_chr10_2404092_2868093 134874 134950 HEG4_chr10_2404092_2868093
105 93.00 336251 336323 HEG4_chr10_2404092_2868093 264875 264803 HEG4_chr10_2404092_2868093
105 85.00 265808 265928 HEG4_chr10_2404092_2868093 265726 265606 HEG4_chr10_2404092_2868093
105 85.00 265606 265726 HEG4_chr10_2404092_2868093 265928 265808 HEG4_chr10_2404092_2868093
105 87.00 336135 336246 HEG4_chr10_2404092_2868093 314317 314205 HEG4_chr10_2404092_2868093
105 87.00 314205 314317 HEG4_chr10_2404092_2868093 336246 336135 HEG4_chr10_2404092_2868093
105 93.00 264803 264875 HEG4_chr10_2404092_2868093 336323 336251 HEG4_chr10_2404092_2868093
105 92.00 134872 134948 HEG4_chr10_2404092_2868093 388050 388126 HEG4_chr10_2404092_2868093
105 92.00 134874 134950 HEG4_chr10_2404092_2868093 388050 388126 HEG4_chr10_2404092_2868093
105 92.00 134873 134949 HEG4_chr10_2404092_2868093 388126 388050 HEG4_chr10_2404092_2868093
105 91.00 134870 134950 HEG4_chr10_2404092_2868093 388131 388051 HEG4_chr10_2404092_2868093
103 81.00 244421 244666 HEG4_chr10_2404092_2868093 22742 22490 HEG4_chr10_2404092_2868093
103 85.00 84321 84448 HEG4_chr10_2404092_2868093 74284 74411 HEG4_chr10_2404092_2868093
103 85.00 442838 442965 HEG4_chr10_2404092_2868093 79745 79871 HEG4_chr10_2404092_2868093
103 85.00 74284 74411 HEG4_chr10_2404092_2868093 84321 84448 HEG4_chr10_2404092_2868093
103 93.00 354864 354938 HEG4_chr10_2404092_2868093 101719 101647 HEG4_chr10_2404092_2868093
103 92.00 388051 388126 HEG4_chr10_2404092_2868093 134871 134946 HEG4_chr10_2404092_2868093
103 81.00 22490 22742 HEG4_chr10_2404092_2868093 244666 244421 HEG4_chr10_2404092_2868093
103 93.00 101647 101719 HEG4_chr10_2404092_2868093 354938 354864 HEG4_chr10_2404092_2868093
103 85.00 79745 79871 HEG4_chr10_2404092_2868093 442838 442965 HEG4_chr10_2404092_2868093
101 87.00 419392 419490 HEG4_chr10_2404092_2868093 110472 110374 HEG4_chr10_2404092_2868093
101 94.00 264949 265015 HEG4_chr10_2404092_2868093 264843 264777 HEG4_chr10_2404092_2868093
101 94.00 264777 264843 HEG4_chr10_2404092_2868093 265015 264949 HEG4_chr10_2404092_2868093
101 92.00 389113 389183 HEG4_chr10_2404092_2868093 331839 331769 HEG4_chr10_2404092_2868093
101 80.00 353124 353311 HEG4_chr10_2404092_2868093 352537 352362 HEG4_chr10_2404092_2868093
101 80.00 352362 352537 HEG4_chr10_2404092_2868093 353311 353124 HEG4_chr10_2404092_2868093
101 92.00 331769 331839 HEG4_chr10_2404092_2868093 389183 389113 HEG4_chr10_2404092_2868093
101 87.00 110374 110472 HEG4_chr10_2404092_2868093 419490 419392 HEG4_chr10_2404092_2868093
99 91.00 388066 388143 HEG4_chr10_2404092_2868093 134947 134870 HEG4_chr10_2404092_2868093
99 83.00 440244 440390 HEG4_chr10_2404092_2868093 147669 147811 HEG4_chr10_2404092_2868093
99 86.00 370775 370893 HEG4_chr10_2404092_2868093 354919 355027 HEG4_chr10_2404092_2868093
99 89.00 396114 396205 HEG4_chr10_2404092_2868093 363136 363048 HEG4_chr10_2404092_2868093
99 86.00 354919 355027 HEG4_chr10_2404092_2868093 370775 370893 HEG4_chr10_2404092_2868093
99 89.00 396114 396205 HEG4_chr10_2404092_2868093 370873 370785 HEG4_chr10_2404092_2868093
99 91.00 134870 134947 HEG4_chr10_2404092_2868093 388143 388066 HEG4_chr10_2404092_2868093
99 89.00 370785 370873 HEG4_chr10_2404092_2868093 396205 396114 HEG4_chr10_2404092_2868093
99 89.00 363048 363136 HEG4_chr10_2404092_2868093 396205 396114 HEG4_chr10_2404092_2868093
99 83.00 147669 147811 HEG4_chr10_2404092_2868093 440244 440390 HEG4_chr10_2404092_2868093
97 80.00 73509 73729 HEG4_chr10_2404092_2868093 44946 45166 HEG4_chr10_2404092_2868093
97 80.00 44946 45166 HEG4_chr10_2404092_2868093 73509 73729 HEG4_chr10_2404092_2868093
97 90.00 388071 388151 HEG4_chr10_2404092_2868093 134950 134870 HEG4_chr10_2404092_2868093
97 90.00 388066 388142 HEG4_chr10_2404092_2868093 134872 134948 HEG4_chr10_2404092_2868093
97 90.00 388066 388142 HEG4_chr10_2404092_2868093 134949 134873 HEG4_chr10_2404092_2868093
97 91.00 142569 142649 HEG4_chr10_2404092_2868093 142487 142408 HEG4_chr10_2404092_2868093
97 91.00 142408 142487 HEG4_chr10_2404092_2868093 142649 142569 HEG4_chr10_2404092_2868093
97 94.00 185464 185531 HEG4_chr10_2404092_2868093 185364 185296 HEG4_chr10_2404092_2868093
97 94.00 185296 185364 HEG4_chr10_2404092_2868093 185531 185464 HEG4_chr10_2404092_2868093
97 88.00 329998 330093 HEG4_chr10_2404092_2868093 259323 259416 HEG4_chr10_2404092_2868093
97 88.00 259323 259416 HEG4_chr10_2404092_2868093 329998 330093 HEG4_chr10_2404092_2868093
97 90.00 134872 134948 HEG4_chr10_2404092_2868093 388066 388142 HEG4_chr10_2404092_2868093
97 90.00 134873 134949 HEG4_chr10_2404092_2868093 388142 388066 HEG4_chr10_2404092_2868093
97 90.00 134870 134950 HEG4_chr10_2404092_2868093 388151 388071 HEG4_chr10_2404092_2868093
97 85.00 459623 459735 HEG4_chr10_2404092_2868093 434398 434286 HEG4_chr10_2404092_2868093
97 85.00 434286 434398 HEG4_chr10_2404092_2868093 459735 459623 HEG4_chr10_2404092_2868093
95 90.00 388069 388148 HEG4_chr10_2404092_2868093 134950 134871 HEG4_chr10_2404092_2868093
95 90.00 388061 388140 HEG4_chr10_2404092_2868093 134950 134871 HEG4_chr10_2404092_2868093
95 90.00 388059 388138 HEG4_chr10_2404092_2868093 134950 134871 HEG4_chr10_2404092_2868093
95 90.00 388057 388136 HEG4_chr10_2404092_2868093 134950 134871 HEG4_chr10_2404092_2868093
95 90.00 388057 388136 HEG4_chr10_2404092_2868093 134871 134950 HEG4_chr10_2404092_2868093
95 90.00 388059 388138 HEG4_chr10_2404092_2868093 134871 134950 HEG4_chr10_2404092_2868093
95 90.00 388061 388140 HEG4_chr10_2404092_2868093 134871 134950 HEG4_chr10_2404092_2868093
95 90.00 388069 388148 HEG4_chr10_2404092_2868093 134871 134950 HEG4_chr10_2404092_2868093
95 90.00 388067 388142 HEG4_chr10_2404092_2868093 134871 134946 HEG4_chr10_2404092_2868093
95 90.00 388067 388142 HEG4_chr10_2404092_2868093 134950 134875 HEG4_chr10_2404092_2868093
95 90.00 305786 305861 HEG4_chr10_2404092_2868093 160101 160176 HEG4_chr10_2404092_2868093
95 92.00 309380 309447 HEG4_chr10_2404092_2868093 244378 244311 HEG4_chr10_2404092_2868093
95 90.00 160101 160176 HEG4_chr10_2404092_2868093 305786 305861 HEG4_chr10_2404092_2868093
95 92.00 244311 244378 HEG4_chr10_2404092_2868093 309447 309380 HEG4_chr10_2404092_2868093
95 92.00 405385 405452 HEG4_chr10_2404092_2868093 355729 355796 HEG4_chr10_2404092_2868093
95 92.00 405385 405452 HEG4_chr10_2404092_2868093 363801 363868 HEG4_chr10_2404092_2868093
95 96.00 421311 421366 HEG4_chr10_2404092_2868093 371437 371382 HEG4_chr10_2404092_2868093
95 90.00 134871 134950 HEG4_chr10_2404092_2868093 388057 388136 HEG4_chr10_2404092_2868093
95 90.00 134871 134950 HEG4_chr10_2404092_2868093 388136 388057 HEG4_chr10_2404092_2868093
95 90.00 134871 134950 HEG4_chr10_2404092_2868093 388059 388138 HEG4_chr10_2404092_2868093
95 90.00 134871 134950 HEG4_chr10_2404092_2868093 388138 388059 HEG4_chr10_2404092_2868093
95 90.00 134871 134950 HEG4_chr10_2404092_2868093 388061 388140 HEG4_chr10_2404092_2868093
95 90.00 134871 134950 HEG4_chr10_2404092_2868093 388140 388061 HEG4_chr10_2404092_2868093
95 90.00 134871 134946 HEG4_chr10_2404092_2868093 388067 388142 HEG4_chr10_2404092_2868093
95 90.00 134875 134950 HEG4_chr10_2404092_2868093 388142 388067 HEG4_chr10_2404092_2868093
95 90.00 134871 134950 HEG4_chr10_2404092_2868093 388069 388148 HEG4_chr10_2404092_2868093
95 90.00 134871 134950 HEG4_chr10_2404092_2868093 388148 388069 HEG4_chr10_2404092_2868093
95 93.00 392645 392708 HEG4_chr10_2404092_2868093 392348 392285 HEG4_chr10_2404092_2868093
95 93.00 392285 392348 HEG4_chr10_2404092_2868093 392708 392645 HEG4_chr10_2404092_2868093
95 92.00 355729 355796 HEG4_chr10_2404092_2868093 405385 405452 HEG4_chr10_2404092_2868093
95 92.00 363801 363868 HEG4_chr10_2404092_2868093 405385 405452 HEG4_chr10_2404092_2868093
95 94.00 420754 420825 HEG4_chr10_2404092_2868093 418218 418149 HEG4_chr10_2404092_2868093
95 94.00 418149 418218 HEG4_chr10_2404092_2868093 420825 420754 HEG4_chr10_2404092_2868093
95 96.00 371382 371437 HEG4_chr10_2404092_2868093 421366 421311 HEG4_chr10_2404092_2868093
93 89.00 265514 265592 HEG4_chr10_2404092_2868093 164075 164153 HEG4_chr10_2404092_2868093
93 93.00 244316 244378 HEG4_chr10_2404092_2868093 169513 169575 HEG4_chr10_2404092_2868093
93 92.00 442659 442725 HEG4_chr10_2404092_2868093 185531 185465 HEG4_chr10_2404092_2868093
93 93.00 169513 169575 HEG4_chr10_2404092_2868093 244316 244378 HEG4_chr10_2404092_2868093
93 90.00 336134 336208 HEG4_chr10_2404092_2868093 264777 264851 HEG4_chr10_2404092_2868093
93 89.00 164075 164153 HEG4_chr10_2404092_2868093 265514 265592 HEG4_chr10_2404092_2868093
93 85.00 336135 336246 HEG4_chr10_2404092_2868093 333788 333675 HEG4_chr10_2404092_2868093
93 83.00 363530 363675 HEG4_chr10_2404092_2868093 335550 335692 HEG4_chr10_2404092_2868093
93 90.00 264777 264851 HEG4_chr10_2404092_2868093 336134 336208 HEG4_chr10_2404092_2868093
93 85.00 333675 333788 HEG4_chr10_2404092_2868093 336246 336135 HEG4_chr10_2404092_2868093
93 89.00 385625 385714 HEG4_chr10_2404092_2868093 363055 363145 HEG4_chr10_2404092_2868093
93 83.00 335550 335692 HEG4_chr10_2404092_2868093 363530 363675 HEG4_chr10_2404092_2868093
93 89.00 363055 363145 HEG4_chr10_2404092_2868093 385625 385714 HEG4_chr10_2404092_2868093
93 89.00 435807 435889 HEG4_chr10_2404092_2868093 405470 405388 HEG4_chr10_2404092_2868093
93 89.00 405388 405470 HEG4_chr10_2404092_2868093 435889 435807 HEG4_chr10_2404092_2868093
93 92.00 185465 185531 HEG4_chr10_2404092_2868093 442725 442659 HEG4_chr10_2404092_2868093
93 90.00 443752 443826 HEG4_chr10_2404092_2868093 443826 443752 HEG4_chr10_2404092_2868093
91 90.00 127289 127370 HEG4_chr10_2404092_2868093 26073 26153 HEG4_chr10_2404092_2868093
91 90.00 26073 26153 HEG4_chr10_2404092_2868093 127289 127370 HEG4_chr10_2404092_2868093
91 87.00 314128 314217 HEG4_chr10_2404092_2868093 265826 265915 HEG4_chr10_2404092_2868093
91 87.00 265826 265915 HEG4_chr10_2404092_2868093 314128 314217 HEG4_chr10_2404092_2868093
89 88.00 388075 388155 HEG4_chr10_2404092_2868093 134950 134870 HEG4_chr10_2404092_2868093
89 87.00 416426 416526 HEG4_chr10_2404092_2868093 159933 160032 HEG4_chr10_2404092_2868093
89 89.00 207268 207344 HEG4_chr10_2404092_2868093 164077 164153 HEG4_chr10_2404092_2868093
89 89.00 164077 164153 HEG4_chr10_2404092_2868093 207268 207344 HEG4_chr10_2404092_2868093
89 87.00 265825 265925 HEG4_chr10_2404092_2868093 207458 207359 HEG4_chr10_2404092_2868093
89 87.00 207359 207458 HEG4_chr10_2404092_2868093 265925 265825 HEG4_chr10_2404092_2868093
89 86.00 323345 323448 HEG4_chr10_2404092_2868093 306552 306451 HEG4_chr10_2404092_2868093
89 86.00 306451 306552 HEG4_chr10_2404092_2868093 323448 323345 HEG4_chr10_2404092_2868093
89 83.00 440240 440372 HEG4_chr10_2404092_2868093 330410 330278 HEG4_chr10_2404092_2868093
89 88.00 435828 435908 HEG4_chr10_2404092_2868093 355793 355713 HEG4_chr10_2404092_2868093
89 88.00 435828 435908 HEG4_chr10_2404092_2868093 363865 363785 HEG4_chr10_2404092_2868093
89 85.00 436027 436131 HEG4_chr10_2404092_2868093 371436 371332 HEG4_chr10_2404092_2868093
89 88.00 134870 134950 HEG4_chr10_2404092_2868093 388155 388075 HEG4_chr10_2404092_2868093
89 85.00 417583 417687 HEG4_chr10_2404092_2868093 395664 395560 HEG4_chr10_2404092_2868093
89 87.00 159933 160032 HEG4_chr10_2404092_2868093 416426 416526 HEG4_chr10_2404092_2868093
89 85.00 395560 395664 HEG4_chr10_2404092_2868093 417687 417583 HEG4_chr10_2404092_2868093
89 88.00 363785 363865 HEG4_chr10_2404092_2868093 435908 435828 HEG4_chr10_2404092_2868093
89 88.00 355713 355793 HEG4_chr10_2404092_2868093 435908 435828 HEG4_chr10_2404092_2868093
89 85.00 371332 371436 HEG4_chr10_2404092_2868093 436131 436027 HEG4_chr10_2404092_2868093
89 83.00 462761 462907 HEG4_chr10_2404092_2868093 440364 440214 HEG4_chr10_2404092_2868093
89 83.00 330278 330410 HEG4_chr10_2404092_2868093 440372 440240 HEG4_chr10_2404092_2868093
89 83.00 440214 440364 HEG4_chr10_2404092_2868093 462907 462761 HEG4_chr10_2404092_2868093
87 84.00 377224 377346 HEG4_chr10_2404092_2868093 81684 81564 HEG4_chr10_2404092_2868093
87 81.00 132866 133079 HEG4_chr10_2404092_2868093 122940 123143 HEG4_chr10_2404092_2868093
87 81.00 122940 123143 HEG4_chr10_2404092_2868093 132866 133079 HEG4_chr10_2404092_2868093
87 84.00 274519 274634 HEG4_chr10_2404092_2868093 181691 181576 HEG4_chr10_2404092_2868093
87 89.00 265684 265759 HEG4_chr10_2404092_2868093 265590 265515 HEG4_chr10_2404092_2868093
87 89.00 265515 265590 HEG4_chr10_2404092_2868093 265759 265684 HEG4_chr10_2404092_2868093
87 84.00 181576 181691 HEG4_chr10_2404092_2868093 274634 274519 HEG4_chr10_2404092_2868093
87 91.00 417816 417883 HEG4_chr10_2404092_2868093 311752 311819 HEG4_chr10_2404092_2868093
87 100.00 435854 435897 HEG4_chr10_2404092_2868093 311795 311752 HEG4_chr10_2404092_2868093
87 89.00 336248 336323 HEG4_chr10_2404092_2868093 314179 314104 HEG4_chr10_2404092_2868093
87 92.00 381638 381701 HEG4_chr10_2404092_2868093 325032 324969 HEG4_chr10_2404092_2868093
87 92.00 442902 442965 HEG4_chr10_2404092_2868093 333072 333009 HEG4_chr10_2404092_2868093
87 89.00 314104 314179 HEG4_chr10_2404092_2868093 336323 336248 HEG4_chr10_2404092_2868093
87 84.00 81564 81684 HEG4_chr10_2404092_2868093 377346 377224 HEG4_chr10_2404092_2868093
87 92.00 324969 325032 HEG4_chr10_2404092_2868093 381701 381638 HEG4_chr10_2404092_2868093
87 94.00 421311 421366 HEG4_chr10_2404092_2868093 386240 386185 HEG4_chr10_2404092_2868093
87 93.00 416069 416128 HEG4_chr10_2404092_2868093 415921 415862 HEG4_chr10_2404092_2868093
87 93.00 415862 415921 HEG4_chr10_2404092_2868093 416128 416069 HEG4_chr10_2404092_2868093
87 91.00 311752 311819 HEG4_chr10_2404092_2868093 417816 417883 HEG4_chr10_2404092_2868093
87 94.00 386185 386240 HEG4_chr10_2404092_2868093 421366 421311 HEG4_chr10_2404092_2868093
87 100.00 311752 311795 HEG4_chr10_2404092_2868093 435897 435854 HEG4_chr10_2404092_2868093
87 92.00 333009 333072 HEG4_chr10_2404092_2868093 442965 442902 HEG4_chr10_2404092_2868093
85 84.00 181563 181672 HEG4_chr10_2404092_2868093 39590 39702 HEG4_chr10_2404092_2868093
85 92.00 333006 333068 HEG4_chr10_2404092_2868093 39766 39704 HEG4_chr10_2404092_2868093
85 90.00 254682 254752 HEG4_chr10_2404092_2868093 140229 140159 HEG4_chr10_2404092_2868093
85 84.00 39590 39702 HEG4_chr10_2404092_2868093 181563 181672 HEG4_chr10_2404092_2868093
85 90.00 140159 140229 HEG4_chr10_2404092_2868093 254752 254682 HEG4_chr10_2404092_2868093
85 92.00 39704 39766 HEG4_chr10_2404092_2868093 333068 333006 HEG4_chr10_2404092_2868093
85 96.00 416452 416502 HEG4_chr10_2404092_2868093 336158 336208 HEG4_chr10_2404092_2868093
85 90.00 342072 342146 HEG4_chr10_2404092_2868093 341942 341869 HEG4_chr10_2404092_2868093
85 90.00 341869 341942 HEG4_chr10_2404092_2868093 342146 342072 HEG4_chr10_2404092_2868093
85 92.00 386654 386716 HEG4_chr10_2404092_2868093 356626 356688 HEG4_chr10_2404092_2868093
85 86.00 417593 417687 HEG4_chr10_2404092_2868093 386145 386239 HEG4_chr10_2404092_2868093
85 92.00 356626 356688 HEG4_chr10_2404092_2868093 386654 386716 HEG4_chr10_2404092_2868093
85 96.00 336158 336208 HEG4_chr10_2404092_2868093 416452 416502 HEG4_chr10_2404092_2868093
85 86.00 386145 386239 HEG4_chr10_2404092_2868093 417593 417687 HEG4_chr10_2404092_2868093
85 89.00 423620 423702 HEG4_chr10_2404092_2868093 423392 423311 HEG4_chr10_2404092_2868093
85 89.00 423311 423392 HEG4_chr10_2404092_2868093 423702 423620 HEG4_chr10_2404092_2868093
83 82.00 259268 259416 HEG4_chr10_2404092_2868093 4054 4200 HEG4_chr10_2404092_2868093
83 79.00 169850 170036 HEG4_chr10_2404092_2868093 22557 22387 HEG4_chr10_2404092_2868093
83 91.00 69710 69790 HEG4_chr10_2404092_2868093 38599 38678 HEG4_chr10_2404092_2868093
83 83.00 79746 79885 HEG4_chr10_2404092_2868093 39561 39702 HEG4_chr10_2404092_2868093
83 91.00 38599 38678 HEG4_chr10_2404092_2868093 69710 69790 HEG4_chr10_2404092_2868093
83 83.00 39561 39702 HEG4_chr10_2404092_2868093 79746 79885 HEG4_chr10_2404092_2868093
83 96.00 412920 412969 HEG4_chr10_2404092_2868093 95931 95882 HEG4_chr10_2404092_2868093
83 83.00 134943 135080 HEG4_chr10_2404092_2868093 127157 127284 HEG4_chr10_2404092_2868093
83 83.00 127157 127284 HEG4_chr10_2404092_2868093 134943 135080 HEG4_chr10_2404092_2868093
83 91.00 226937 226998 HEG4_chr10_2404092_2868093 154904 154843 HEG4_chr10_2404092_2868093
83 88.00 336133 336210 HEG4_chr10_2404092_2868093 164076 164153 HEG4_chr10_2404092_2868093
83 79.00 22387 22557 HEG4_chr10_2404092_2868093 170036 169850 HEG4_chr10_2404092_2868093
83 91.00 154843 154904 HEG4_chr10_2404092_2868093 226998 226937 HEG4_chr10_2404092_2868093
83 82.00 4054 4200 HEG4_chr10_2404092_2868093 259268 259416 HEG4_chr10_2404092_2868093
83 88.00 336131 336208 HEG4_chr10_2404092_2868093 265761 265684 HEG4_chr10_2404092_2868093
83 85.00 443974 444071 HEG4_chr10_2404092_2868093 331866 331769 HEG4_chr10_2404092_2868093
83 88.00 265684 265761 HEG4_chr10_2404092_2868093 336208 336131 HEG4_chr10_2404092_2868093
83 88.00 164076 164153 HEG4_chr10_2404092_2868093 336133 336210 HEG4_chr10_2404092_2868093
83 91.00 386659 386720 HEG4_chr10_2404092_2868093 364117 364178 HEG4_chr10_2404092_2868093
83 91.00 364117 364178 HEG4_chr10_2404092_2868093 386659 386720 HEG4_chr10_2404092_2868093
83 96.00 95882 95931 HEG4_chr10_2404092_2868093 412969 412920 HEG4_chr10_2404092_2868093
83 85.00 331769 331866 HEG4_chr10_2404092_2868093 444071 443974 HEG4_chr10_2404092_2868093
81 81.00 266752 266904 HEG4_chr10_2404092_2868093 4054 4206 HEG4_chr10_2404092_2868093
81 94.00 388284 388339 HEG4_chr10_2404092_2868093 39594 39650 HEG4_chr10_2404092_2868093
81 89.00 73394 73462 HEG4_chr10_2404092_2868093 44834 44902 HEG4_chr10_2404092_2868093
81 89.00 44834 44902 HEG4_chr10_2404092_2868093 73394 73462 HEG4_chr10_2404092_2868093
81 88.00 416442 416526 HEG4_chr10_2404092_2868093 114335 114418 HEG4_chr10_2404092_2868093
81 89.00 266531 266603 HEG4_chr10_2404092_2868093 114439 114511 HEG4_chr10_2404092_2868093
81 87.00 388079 388159 HEG4_chr10_2404092_2868093 134950 134870 HEG4_chr10_2404092_2868093
81 88.00 388110 388186 HEG4_chr10_2404092_2868093 134874 134950 HEG4_chr10_2404092_2868093
81 86.00 266513 266605 HEG4_chr10_2404092_2868093 160034 160126 HEG4_chr10_2404092_2868093
81 89.00 164246 164314 HEG4_chr10_2404092_2868093 164145 164077 HEG4_chr10_2404092_2868093
81 89.00 164077 164145 HEG4_chr10_2404092_2868093 164314 164246 HEG4_chr10_2404092_2868093
81 90.00 336248 336312 HEG4_chr10_2404092_2868093 169267 169203 HEG4_chr10_2404092_2868093
81 92.00 377279 377343 HEG4_chr10_2404092_2868093 174868 174931 HEG4_chr10_2404092_2868093
81 84.00 211996 212108 HEG4_chr10_2404092_2868093 211926 211815 HEG4_chr10_2404092_2868093
81 84.00 211815 211926 HEG4_chr10_2404092_2868093 212108 211996 HEG4_chr10_2404092_2868093
81 86.00 160034 160126 HEG4_chr10_2404092_2868093 266513 266605 HEG4_chr10_2404092_2868093
81 89.00 114439 114511 HEG4_chr10_2404092_2868093 266531 266603 HEG4_chr10_2404092_2868093
81 81.00 4054 4206 HEG4_chr10_2404092_2868093 266752 266904 HEG4_chr10_2404092_2868093
81 81.00 446550 446707 HEG4_chr10_2404092_2868093 329935 330094 HEG4_chr10_2404092_2868093
81 88.00 416593 416669 HEG4_chr10_2404092_2868093 336208 336132 HEG4_chr10_2404092_2868093
81 90.00 169203 169267 HEG4_chr10_2404092_2868093 336312 336248 HEG4_chr10_2404092_2868093
81 85.00 436027 436123 HEG4_chr10_2404092_2868093 355607 355511 HEG4_chr10_2404092_2868093
81 85.00 436027 436123 HEG4_chr10_2404092_2868093 363679 363583 HEG4_chr10_2404092_2868093
81 84.00 425345 425449 HEG4_chr10_2404092_2868093 371436 371332 HEG4_chr10_2404092_2868093
81 84.00 417583 417687 HEG4_chr10_2404092_2868093 371332 371436 HEG4_chr10_2404092_2868093
81 92.00 174868 174931 HEG4_chr10_2404092_2868093 377279 377343 HEG4_chr10_2404092_2868093
81 85.00 425345 425441 HEG4_chr10_2404092_2868093 386239 386143 HEG4_chr10_2404092_2868093
81 87.00 134870 134950 HEG4_chr10_2404092_2868093 388159 388079 HEG4_chr10_2404092_2868093
81 88.00 134874 134950 HEG4_chr10_2404092_2868093 388110 388186 HEG4_chr10_2404092_2868093
81 94.00 39594 39650 HEG4_chr10_2404092_2868093 388284 388339 HEG4_chr10_2404092_2868093
81 88.00 114335 114418 HEG4_chr10_2404092_2868093 416442 416526 HEG4_chr10_2404092_2868093
81 88.00 336132 336208 HEG4_chr10_2404092_2868093 416669 416593 HEG4_chr10_2404092_2868093
81 84.00 371332 371436 HEG4_chr10_2404092_2868093 417583 417687 HEG4_chr10_2404092_2868093
81 84.00 371332 371436 HEG4_chr10_2404092_2868093 425449 425345 HEG4_chr10_2404092_2868093
81 85.00 386143 386239 HEG4_chr10_2404092_2868093 425441 425345 HEG4_chr10_2404092_2868093
81 85.00 363583 363679 HEG4_chr10_2404092_2868093 436123 436027 HEG4_chr10_2404092_2868093
81 85.00 355511 355607 HEG4_chr10_2404092_2868093 436123 436027 HEG4_chr10_2404092_2868093
81 81.00 329935 330094 HEG4_chr10_2404092_2868093 446550 446707 HEG4_chr10_2404092_2868093
79 94.00 84856 84907 HEG4_chr10_2404092_2868093 62383 62434 HEG4_chr10_2404092_2868093
79 94.00 62383 62434 HEG4_chr10_2404092_2868093 84856 84907 HEG4_chr10_2404092_2868093
79 92.00 244311 244366 HEG4_chr10_2404092_2868093 101032 101087 HEG4_chr10_2404092_2868093
79 92.00 244311 244366 HEG4_chr10_2404092_2868093 105962 106017 HEG4_chr10_2404092_2868093
79 88.00 388111 388186 HEG4_chr10_2404092_2868093 134871 134946 HEG4_chr10_2404092_2868093
79 100.00 205951 205990 HEG4_chr10_2404092_2868093 134951 134912 HEG4_chr10_2404092_2868093
79 100.00 134912 134951 HEG4_chr10_2404092_2868093 205990 205951 HEG4_chr10_2404092_2868093
79 87.00 336132 336211 HEG4_chr10_2404092_2868093 207509 207430 HEG4_chr10_2404092_2868093
79 92.00 101032 101087 HEG4_chr10_2404092_2868093 244311 244366 HEG4_chr10_2404092_2868093
79 92.00 105962 106017 HEG4_chr10_2404092_2868093 244311 244366 HEG4_chr10_2404092_2868093
79 88.00 416593 416668 HEG4_chr10_2404092_2868093 305785 305860 HEG4_chr10_2404092_2868093
79 97.00 424935 424978 HEG4_chr10_2404092_2868093 311795 311752 HEG4_chr10_2404092_2868093
79 91.00 461871 461930 HEG4_chr10_2404092_2868093 327972 327913 HEG4_chr10_2404092_2868093
79 87.00 207430 207509 HEG4_chr10_2404092_2868093 336211 336132 HEG4_chr10_2404092_2868093
79 92.00 435832 435887 HEG4_chr10_2404092_2868093 336472 336417 HEG4_chr10_2404092_2868093
79 80.00 417503 417687 HEG4_chr10_2404092_2868093 355414 355607 HEG4_chr10_2404092_2868093
79 90.00 405389 405452 HEG4_chr10_2404092_2868093 371563 371626 HEG4_chr10_2404092_2868093
79 88.00 134871 134946 HEG4_chr10_2404092_2868093 388111 388186 HEG4_chr10_2404092_2868093
79 83.00 421502 421613 HEG4_chr10_2404092_2868093 404192 404081 HEG4_chr10_2404092_2868093
79 90.00 371563 371626 HEG4_chr10_2404092_2868093 405389 405452 HEG4_chr10_2404092_2868093
79 88.00 305785 305860 HEG4_chr10_2404092_2868093 416593 416668 HEG4_chr10_2404092_2868093
79 80.00 355414 355607 HEG4_chr10_2404092_2868093 417503 417687 HEG4_chr10_2404092_2868093
79 83.00 404081 404192 HEG4_chr10_2404092_2868093 421613 421502 HEG4_chr10_2404092_2868093
79 97.00 311752 311795 HEG4_chr10_2404092_2868093 424978 424935 HEG4_chr10_2404092_2868093
79 92.00 336417 336472 HEG4_chr10_2404092_2868093 435887 435832 HEG4_chr10_2404092_2868093
79 86.00 453439 453538 HEG4_chr10_2404092_2868093 450334 450236 HEG4_chr10_2404092_2868093
79 86.00 450236 450334 HEG4_chr10_2404092_2868093 453538 453439 HEG4_chr10_2404092_2868093
79 91.00 327913 327972 HEG4_chr10_2404092_2868093 461930 461871 HEG4_chr10_2404092_2868093
77 87.00 106407 106485 HEG4_chr10_2404092_2868093 22465 22387 HEG4_chr10_2404092_2868093
77 87.00 22387 22465 HEG4_chr10_2404092_2868093 106485 106407 HEG4_chr10_2404092_2868093
77 83.00 135849 135963 HEG4_chr10_2404092_2868093 122952 123066 HEG4_chr10_2404092_2868093
77 97.00 337253 337295 HEG4_chr10_2404092_2868093 134931 134889 HEG4_chr10_2404092_2868093
77 100.00 444709 444747 HEG4_chr10_2404092_2868093 134930 134892 HEG4_chr10_2404092_2868093
77 100.00 205952 205990 HEG4_chr10_2404092_2868093 134930 134892 HEG4_chr10_2404092_2868093
77 100.00 205952 205990 HEG4_chr10_2404092_2868093 134893 134931 HEG4_chr10_2404092_2868093
77 100.00 444709 444747 HEG4_chr10_2404092_2868093 134893 134931 HEG4_chr10_2404092_2868093
77 100.00 444709 444747 HEG4_chr10_2404092_2868093 134932 134894 HEG4_chr10_2404092_2868093
77 100.00 205952 205990 HEG4_chr10_2404092_2868093 134932 134894 HEG4_chr10_2404092_2868093
77 100.00 205952 205990 HEG4_chr10_2404092_2868093 134895 134933 HEG4_chr10_2404092_2868093
77 100.00 444709 444747 HEG4_chr10_2404092_2868093 134895 134933 HEG4_chr10_2404092_2868093
77 100.00 444709 444747 HEG4_chr10_2404092_2868093 134934 134896 HEG4_chr10_2404092_2868093
77 100.00 205952 205990 HEG4_chr10_2404092_2868093 134934 134896 HEG4_chr10_2404092_2868093
77 100.00 205952 205990 HEG4_chr10_2404092_2868093 134897 134935 HEG4_chr10_2404092_2868093
77 100.00 444709 444747 HEG4_chr10_2404092_2868093 134897 134935 HEG4_chr10_2404092_2868093
77 100.00 444709 444747 HEG4_chr10_2404092_2868093 134936 134898 HEG4_chr10_2404092_2868093
77 100.00 205952 205990 HEG4_chr10_2404092_2868093 134936 134898 HEG4_chr10_2404092_2868093
77 100.00 205952 205990 HEG4_chr10_2404092_2868093 134899 134937 HEG4_chr10_2404092_2868093
77 100.00 444709 444747 HEG4_chr10_2404092_2868093 134899 134937 HEG4_chr10_2404092_2868093
77 100.00 444709 444747 HEG4_chr10_2404092_2868093 134938 134900 HEG4_chr10_2404092_2868093
77 100.00 205952 205990 HEG4_chr10_2404092_2868093 134938 134900 HEG4_chr10_2404092_2868093
77 100.00 205952 205990 HEG4_chr10_2404092_2868093 134901 134939 HEG4_chr10_2404092_2868093
77 100.00 444709 444747 HEG4_chr10_2404092_2868093 134901 134939 HEG4_chr10_2404092_2868093
77 100.00 444709 444747 HEG4_chr10_2404092_2868093 134940 134902 HEG4_chr10_2404092_2868093
77 100.00 205952 205990 HEG4_chr10_2404092_2868093 134940 134902 HEG4_chr10_2404092_2868093
77 100.00 205952 205990 HEG4_chr10_2404092_2868093 134903 134941 HEG4_chr10_2404092_2868093
77 100.00 444709 444747 HEG4_chr10_2404092_2868093 134903 134941 HEG4_chr10_2404092_2868093
77 100.00 444709 444747 HEG4_chr10_2404092_2868093 134942 134904 HEG4_chr10_2404092_2868093
77 100.00 205952 205990 HEG4_chr10_2404092_2868093 134942 134904 HEG4_chr10_2404092_2868093
77 100.00 205952 205990 HEG4_chr10_2404092_2868093 134905 134943 HEG4_chr10_2404092_2868093
77 100.00 444709 444747 HEG4_chr10_2404092_2868093 134905 134943 HEG4_chr10_2404092_2868093
77 100.00 444709 444747 HEG4_chr10_2404092_2868093 134944 134906 HEG4_chr10_2404092_2868093
77 100.00 205952 205990 HEG4_chr10_2404092_2868093 134944 134906 HEG4_chr10_2404092_2868093
77 100.00 205952 205990 HEG4_chr10_2404092_2868093 134907 134945 HEG4_chr10_2404092_2868093
77 100.00 444709 444747 HEG4_chr10_2404092_2868093 134907 134945 HEG4_chr10_2404092_2868093
77 100.00 444709 444747 HEG4_chr10_2404092_2868093 134946 134908 HEG4_chr10_2404092_2868093
77 100.00 205952 205990 HEG4_chr10_2404092_2868093 134946 134908 HEG4_chr10_2404092_2868093
77 100.00 205952 205990 HEG4_chr10_2404092_2868093 134909 134947 HEG4_chr10_2404092_2868093
77 100.00 444709 444747 HEG4_chr10_2404092_2868093 134909 134947 HEG4_chr10_2404092_2868093
77 100.00 444709 444747 HEG4_chr10_2404092_2868093 134948 134910 HEG4_chr10_2404092_2868093
77 100.00 205952 205990 HEG4_chr10_2404092_2868093 134948 134910 HEG4_chr10_2404092_2868093
77 100.00 205952 205990 HEG4_chr10_2404092_2868093 134911 134949 HEG4_chr10_2404092_2868093
77 100.00 444709 444747 HEG4_chr10_2404092_2868093 134911 134949 HEG4_chr10_2404092_2868093
77 100.00 444709 444747 HEG4_chr10_2404092_2868093 134950 134912 HEG4_chr10_2404092_2868093
77 83.00 122952 123066 HEG4_chr10_2404092_2868093 135849 135963 HEG4_chr10_2404092_2868093
77 88.00 264777 264851 HEG4_chr10_2404092_2868093 164314 164240 HEG4_chr10_2404092_2868093
77 83.00 199590 199704 HEG4_chr10_2404092_2868093 166423 166309 HEG4_chr10_2404092_2868093
77 90.00 416454 416516 HEG4_chr10_2404092_2868093 185506 185444 HEG4_chr10_2404092_2868093
77 83.00 166309 166423 HEG4_chr10_2404092_2868093 199704 199590 HEG4_chr10_2404092_2868093
77 100.00 134893 134931 HEG4_chr10_2404092_2868093 205952 205990 HEG4_chr10_2404092_2868093
77 100.00 134895 134933 HEG4_chr10_2404092_2868093 205952 205990 HEG4_chr10_2404092_2868093
77 100.00 134897 134935 HEG4_chr10_2404092_2868093 205952 205990 HEG4_chr10_2404092_2868093
77 100.00 134899 134937 HEG4_chr10_2404092_2868093 205952 205990 HEG4_chr10_2404092_2868093
77 100.00 134901 134939 HEG4_chr10_2404092_2868093 205952 205990 HEG4_chr10_2404092_2868093
77 100.00 134903 134941 HEG4_chr10_2404092_2868093 205952 205990 HEG4_chr10_2404092_2868093
77 100.00 134905 134943 HEG4_chr10_2404092_2868093 205952 205990 HEG4_chr10_2404092_2868093
77 100.00 134907 134945 HEG4_chr10_2404092_2868093 205952 205990 HEG4_chr10_2404092_2868093
77 100.00 134909 134947 HEG4_chr10_2404092_2868093 205952 205990 HEG4_chr10_2404092_2868093
77 100.00 134911 134949 HEG4_chr10_2404092_2868093 205952 205990 HEG4_chr10_2404092_2868093
77 100.00 134910 134948 HEG4_chr10_2404092_2868093 205990 205952 HEG4_chr10_2404092_2868093
77 100.00 134908 134946 HEG4_chr10_2404092_2868093 205990 205952 HEG4_chr10_2404092_2868093
77 100.00 134906 134944 HEG4_chr10_2404092_2868093 205990 205952 HEG4_chr10_2404092_2868093
77 100.00 134904 134942 HEG4_chr10_2404092_2868093 205990 205952 HEG4_chr10_2404092_2868093
77 100.00 134902 134940 HEG4_chr10_2404092_2868093 205990 205952 HEG4_chr10_2404092_2868093
77 100.00 134900 134938 HEG4_chr10_2404092_2868093 205990 205952 HEG4_chr10_2404092_2868093
77 100.00 134898 134936 HEG4_chr10_2404092_2868093 205990 205952 HEG4_chr10_2404092_2868093
77 100.00 134896 134934 HEG4_chr10_2404092_2868093 205990 205952 HEG4_chr10_2404092_2868093
77 100.00 134894 134932 HEG4_chr10_2404092_2868093 205990 205952 HEG4_chr10_2404092_2868093
77 100.00 134892 134930 HEG4_chr10_2404092_2868093 205990 205952 HEG4_chr10_2404092_2868093
77 100.00 444709 444747 HEG4_chr10_2404092_2868093 205952 205990 HEG4_chr10_2404092_2868093
77 87.00 314239 314317 HEG4_chr10_2404092_2868093 207428 207506 HEG4_chr10_2404092_2868093
77 84.00 254482 254584 HEG4_chr10_2404092_2868093 212831 212933 HEG4_chr10_2404092_2868093
77 84.00 212831 212933 HEG4_chr10_2404092_2868093 254482 254584 HEG4_chr10_2404092_2868093
77 88.00 164240 164314 HEG4_chr10_2404092_2868093 264851 264777 HEG4_chr10_2404092_2868093
77 86.00 389096 389182 HEG4_chr10_2404092_2868093 273394 273308 HEG4_chr10_2404092_2868093
77 93.00 274506 274564 HEG4_chr10_2404092_2868093 273417 273474 HEG4_chr10_2404092_2868093
77 93.00 273417 273474 HEG4_chr10_2404092_2868093 274506 274564 HEG4_chr10_2404092_2868093
77 87.00 207428 207506 HEG4_chr10_2404092_2868093 314239 314317 HEG4_chr10_2404092_2868093
77 88.00 381574 381644 HEG4_chr10_2404092_2868093 325144 325074 HEG4_chr10_2404092_2868093
77 97.00 134889 134931 HEG4_chr10_2404092_2868093 337295 337253 HEG4_chr10_2404092_2868093
77 88.00 385629 385714 HEG4_chr10_2404092_2868093 354936 355016 HEG4_chr10_2404092_2868093
77 85.00 417593 417687 HEG4_chr10_2404092_2868093 363585 363679 HEG4_chr10_2404092_2868093
77 85.00 372312 372404 HEG4_chr10_2404092_2868093 364060 364160 HEG4_chr10_2404092_2868093
77 85.00 364060 364160 HEG4_chr10_2404092_2868093 372312 372404 HEG4_chr10_2404092_2868093
77 100.00 444710 444748 HEG4_chr10_2404092_2868093 378165 378127 HEG4_chr10_2404092_2868093
77 88.00 325074 325144 HEG4_chr10_2404092_2868093 381644 381574 HEG4_chr10_2404092_2868093
77 88.00 354936 355016 HEG4_chr10_2404092_2868093 385629 385714 HEG4_chr10_2404092_2868093
77 86.00 273308 273394 HEG4_chr10_2404092_2868093 389182 389096 HEG4_chr10_2404092_2868093
77 86.00 391827 391909 HEG4_chr10_2404092_2868093 391909 391827 HEG4_chr10_2404092_2868093
77 90.00 405385 405447 HEG4_chr10_2404092_2868093 395437 395375 HEG4_chr10_2404092_2868093
77 84.00 404284 404396 HEG4_chr10_2404092_2868093 395664 395555 HEG4_chr10_2404092_2868093
77 84.00 395555 395664 HEG4_chr10_2404092_2868093 404396 404284 HEG4_chr10_2404092_2868093
77 90.00 395375 395437 HEG4_chr10_2404092_2868093 405447 405385 HEG4_chr10_2404092_2868093
77 86.00 424888 424970 HEG4_chr10_2404092_2868093 405470 405388 HEG4_chr10_2404092_2868093
77 90.00 185444 185506 HEG4_chr10_2404092_2868093 416516 416454 HEG4_chr10_2404092_2868093
77 85.00 363585 363679 HEG4_chr10_2404092_2868093 417593 417687 HEG4_chr10_2404092_2868093
77 86.00 405388 405470 HEG4_chr10_2404092_2868093 424970 424888 HEG4_chr10_2404092_2868093
77 100.00 134893 134931 HEG4_chr10_2404092_2868093 444709 444747 HEG4_chr10_2404092_2868093
77 100.00 134895 134933 HEG4_chr10_2404092_2868093 444709 444747 HEG4_chr10_2404092_2868093
77 100.00 134897 134935 HEG4_chr10_2404092_2868093 444709 444747 HEG4_chr10_2404092_2868093
77 100.00 134899 134937 HEG4_chr10_2404092_2868093 444709 444747 HEG4_chr10_2404092_2868093
77 100.00 134901 134939 HEG4_chr10_2404092_2868093 444709 444747 HEG4_chr10_2404092_2868093
77 100.00 134903 134941 HEG4_chr10_2404092_2868093 444709 444747 HEG4_chr10_2404092_2868093
77 100.00 134905 134943 HEG4_chr10_2404092_2868093 444709 444747 HEG4_chr10_2404092_2868093
77 100.00 134907 134945 HEG4_chr10_2404092_2868093 444709 444747 HEG4_chr10_2404092_2868093
77 100.00 134909 134947 HEG4_chr10_2404092_2868093 444709 444747 HEG4_chr10_2404092_2868093
77 100.00 134911 134949 HEG4_chr10_2404092_2868093 444709 444747 HEG4_chr10_2404092_2868093
77 100.00 205952 205990 HEG4_chr10_2404092_2868093 444709 444747 HEG4_chr10_2404092_2868093
77 100.00 134912 134950 HEG4_chr10_2404092_2868093 444747 444709 HEG4_chr10_2404092_2868093
77 100.00 134910 134948 HEG4_chr10_2404092_2868093 444747 444709 HEG4_chr10_2404092_2868093
77 100.00 134908 134946 HEG4_chr10_2404092_2868093 444747 444709 HEG4_chr10_2404092_2868093
77 100.00 134906 134944 HEG4_chr10_2404092_2868093 444747 444709 HEG4_chr10_2404092_2868093
77 100.00 134904 134942 HEG4_chr10_2404092_2868093 444747 444709 HEG4_chr10_2404092_2868093
77 100.00 134902 134940 HEG4_chr10_2404092_2868093 444747 444709 HEG4_chr10_2404092_2868093
77 100.00 134900 134938 HEG4_chr10_2404092_2868093 444747 444709 HEG4_chr10_2404092_2868093
77 100.00 134898 134936 HEG4_chr10_2404092_2868093 444747 444709 HEG4_chr10_2404092_2868093
77 100.00 134896 134934 HEG4_chr10_2404092_2868093 444747 444709 HEG4_chr10_2404092_2868093
77 100.00 134894 134932 HEG4_chr10_2404092_2868093 444747 444709 HEG4_chr10_2404092_2868093
77 100.00 134892 134930 HEG4_chr10_2404092_2868093 444747 444709 HEG4_chr10_2404092_2868093
77 100.00 378127 378165 HEG4_chr10_2404092_2868093 444748 444710 HEG4_chr10_2404092_2868093
75 97.00 443792 443833 HEG4_chr10_2404092_2868093 40495 40454 HEG4_chr10_2404092_2868093
75 100.00 378128 378165 HEG4_chr10_2404092_2868093 134929 134892 HEG4_chr10_2404092_2868093
75 100.00 205953 205990 HEG4_chr10_2404092_2868093 134892 134929 HEG4_chr10_2404092_2868093
75 100.00 378128 378165 HEG4_chr10_2404092_2868093 134892 134929 HEG4_chr10_2404092_2868093
75 100.00 444710 444747 HEG4_chr10_2404092_2868093 134892 134929 HEG4_chr10_2404092_2868093
75 100.00 378128 378165 HEG4_chr10_2404092_2868093 134931 134894 HEG4_chr10_2404092_2868093
75 100.00 378128 378165 HEG4_chr10_2404092_2868093 134894 134931 HEG4_chr10_2404092_2868093
75 100.00 378128 378165 HEG4_chr10_2404092_2868093 134933 134896 HEG4_chr10_2404092_2868093
75 100.00 378128 378165 HEG4_chr10_2404092_2868093 134896 134933 HEG4_chr10_2404092_2868093
75 100.00 378128 378165 HEG4_chr10_2404092_2868093 134935 134898 HEG4_chr10_2404092_2868093
75 100.00 378128 378165 HEG4_chr10_2404092_2868093 134898 134935 HEG4_chr10_2404092_2868093
75 100.00 378128 378165 HEG4_chr10_2404092_2868093 134937 134900 HEG4_chr10_2404092_2868093
75 100.00 378128 378165 HEG4_chr10_2404092_2868093 134900 134937 HEG4_chr10_2404092_2868093
75 100.00 378128 378165 HEG4_chr10_2404092_2868093 134939 134902 HEG4_chr10_2404092_2868093
75 100.00 378128 378165 HEG4_chr10_2404092_2868093 134902 134939 HEG4_chr10_2404092_2868093
75 100.00 378128 378165 HEG4_chr10_2404092_2868093 134941 134904 HEG4_chr10_2404092_2868093
75 100.00 378128 378165 HEG4_chr10_2404092_2868093 134904 134941 HEG4_chr10_2404092_2868093
75 100.00 378128 378165 HEG4_chr10_2404092_2868093 134943 134906 HEG4_chr10_2404092_2868093
75 100.00 378128 378165 HEG4_chr10_2404092_2868093 134906 134943 HEG4_chr10_2404092_2868093
75 100.00 378128 378165 HEG4_chr10_2404092_2868093 134945 134908 HEG4_chr10_2404092_2868093
75 100.00 378128 378165 HEG4_chr10_2404092_2868093 134908 134945 HEG4_chr10_2404092_2868093
75 100.00 378128 378165 HEG4_chr10_2404092_2868093 134947 134910 HEG4_chr10_2404092_2868093
75 100.00 378128 378165 HEG4_chr10_2404092_2868093 134910 134947 HEG4_chr10_2404092_2868093
75 100.00 378128 378165 HEG4_chr10_2404092_2868093 134949 134912 HEG4_chr10_2404092_2868093
75 100.00 378128 378165 HEG4_chr10_2404092_2868093 134912 134949 HEG4_chr10_2404092_2868093
75 100.00 205952 205989 HEG4_chr10_2404092_2868093 134913 134950 HEG4_chr10_2404092_2868093
75 100.00 444709 444746 HEG4_chr10_2404092_2868093 134913 134950 HEG4_chr10_2404092_2868093
75 87.00 416593 416670 HEG4_chr10_2404092_2868093 160009 159932 HEG4_chr10_2404092_2868093
75 87.00 264939 265016 HEG4_chr10_2404092_2868093 164153 164076 HEG4_chr10_2404092_2868093
75 100.00 444709 444746 HEG4_chr10_2404092_2868093 205989 205952 HEG4_chr10_2404092_2868093
75 100.00 134913 134950 HEG4_chr10_2404092_2868093 205952 205989 HEG4_chr10_2404092_2868093
75 100.00 205952 205989 HEG4_chr10_2404092_2868093 205989 205952 HEG4_chr10_2404092_2868093
75 100.00 444710 444747 HEG4_chr10_2404092_2868093 205990 205953 HEG4_chr10_2404092_2868093
75 100.00 378128 378165 HEG4_chr10_2404092_2868093 205990 205953 HEG4_chr10_2404092_2868093
75 100.00 134892 134929 HEG4_chr10_2404092_2868093 205953 205990 HEG4_chr10_2404092_2868093
75 100.00 205953 205990 HEG4_chr10_2404092_2868093 205990 205953 HEG4_chr10_2404092_2868093
75 100.00 378128 378165 HEG4_chr10_2404092_2868093 205953 205990 HEG4_chr10_2404092_2868093
75 100.00 226290 226327 HEG4_chr10_2404092_2868093 226327 226290 HEG4_chr10_2404092_2868093
75 94.00 336324 336373 HEG4_chr10_2404092_2868093 264827 264778 HEG4_chr10_2404092_2868093
75 87.00 164076 164153 HEG4_chr10_2404092_2868093 265016 264939 HEG4_chr10_2404092_2868093
75 100.00 336283 336320 HEG4_chr10_2404092_2868093 264949 264986 HEG4_chr10_2404092_2868093
75 94.00 336324 336373 HEG4_chr10_2404092_2868093 265566 265517 HEG4_chr10_2404092_2868093
75 89.00 416452 416517 HEG4_chr10_2404092_2868093 265540 265605 HEG4_chr10_2404092_2868093
75 86.00 416581 416666 HEG4_chr10_2404092_2868093 305718 305633 HEG4_chr10_2404092_2868093
75 83.00 306614 306719 HEG4_chr10_2404092_2868093 306064 305959 HEG4_chr10_2404092_2868093
75 83.00 305959 306064 HEG4_chr10_2404092_2868093 306719 306614 HEG4_chr10_2404092_2868093
75 90.00 421106 421167 HEG4_chr10_2404092_2868093 311795 311734 HEG4_chr10_2404092_2868093
75 94.00 336324 336373 HEG4_chr10_2404092_2868093 336184 336135 HEG4_chr10_2404092_2868093
75 100.00 264949 264986 HEG4_chr10_2404092_2868093 336283 336320 HEG4_chr10_2404092_2868093
75 94.00 336135 336184 HEG4_chr10_2404092_2868093 336373 336324 HEG4_chr10_2404092_2868093
75 94.00 265517 265566 HEG4_chr10_2404092_2868093 336373 336324 HEG4_chr10_2404092_2868093
75 94.00 264778 264827 HEG4_chr10_2404092_2868093 336373 336324 HEG4_chr10_2404092_2868093
75 100.00 378128 378165 HEG4_chr10_2404092_2868093 378165 378128 HEG4_chr10_2404092_2868093
75 100.00 134892 134929 HEG4_chr10_2404092_2868093 378128 378165 HEG4_chr10_2404092_2868093
75 100.00 134894 134931 HEG4_chr10_2404092_2868093 378128 378165 HEG4_chr10_2404092_2868093
75 100.00 134896 134933 HEG4_chr10_2404092_2868093 378128 378165 HEG4_chr10_2404092_2868093
75 100.00 134898 134935 HEG4_chr10_2404092_2868093 378128 378165 HEG4_chr10_2404092_2868093
75 100.00 134900 134937 HEG4_chr10_2404092_2868093 378128 378165 HEG4_chr10_2404092_2868093
75 100.00 134902 134939 HEG4_chr10_2404092_2868093 378128 378165 HEG4_chr10_2404092_2868093
75 100.00 134904 134941 HEG4_chr10_2404092_2868093 378128 378165 HEG4_chr10_2404092_2868093
75 100.00 134906 134943 HEG4_chr10_2404092_2868093 378128 378165 HEG4_chr10_2404092_2868093
75 100.00 134908 134945 HEG4_chr10_2404092_2868093 378128 378165 HEG4_chr10_2404092_2868093
75 100.00 134910 134947 HEG4_chr10_2404092_2868093 378128 378165 HEG4_chr10_2404092_2868093
75 100.00 134912 134949 HEG4_chr10_2404092_2868093 378128 378165 HEG4_chr10_2404092_2868093
75 100.00 205953 205990 HEG4_chr10_2404092_2868093 378128 378165 HEG4_chr10_2404092_2868093
75 100.00 205953 205990 HEG4_chr10_2404092_2868093 378165 378128 HEG4_chr10_2404092_2868093
75 100.00 134912 134949 HEG4_chr10_2404092_2868093 378165 378128 HEG4_chr10_2404092_2868093
75 100.00 134910 134947 HEG4_chr10_2404092_2868093 378165 378128 HEG4_chr10_2404092_2868093
75 100.00 134908 134945 HEG4_chr10_2404092_2868093 378165 378128 HEG4_chr10_2404092_2868093
75 100.00 134906 134943 HEG4_chr10_2404092_2868093 378165 378128 HEG4_chr10_2404092_2868093
75 100.00 134904 134941 HEG4_chr10_2404092_2868093 378165 378128 HEG4_chr10_2404092_2868093
75 100.00 134902 134939 HEG4_chr10_2404092_2868093 378165 378128 HEG4_chr10_2404092_2868093
75 100.00 134900 134937 HEG4_chr10_2404092_2868093 378165 378128 HEG4_chr10_2404092_2868093
75 100.00 134898 134935 HEG4_chr10_2404092_2868093 378165 378128 HEG4_chr10_2404092_2868093
75 100.00 134896 134933 HEG4_chr10_2404092_2868093 378165 378128 HEG4_chr10_2404092_2868093
75 100.00 134894 134931 HEG4_chr10_2404092_2868093 378165 378128 HEG4_chr10_2404092_2868093
75 100.00 134892 134929 HEG4_chr10_2404092_2868093 378165 378128 HEG4_chr10_2404092_2868093
75 100.00 444710 444747 HEG4_chr10_2404092_2868093 378128 378165 HEG4_chr10_2404092_2868093
75 92.00 436027 436080 HEG4_chr10_2404092_2868093 386239 386186 HEG4_chr10_2404092_2868093
75 89.00 421076 421141 HEG4_chr10_2404092_2868093 405453 405388 HEG4_chr10_2404092_2868093
75 89.00 415862 415927 HEG4_chr10_2404092_2868093 415834 415769 HEG4_chr10_2404092_2868093
75 89.00 415769 415834 HEG4_chr10_2404092_2868093 415927 415862 HEG4_chr10_2404092_2868093
75 89.00 265540 265605 HEG4_chr10_2404092_2868093 416452 416517 HEG4_chr10_2404092_2868093
75 86.00 305633 305718 HEG4_chr10_2404092_2868093 416666 416581 HEG4_chr10_2404092_2868093
75 87.00 159932 160009 HEG4_chr10_2404092_2868093 416670 416593 HEG4_chr10_2404092_2868093
75 89.00 405388 405453 HEG4_chr10_2404092_2868093 421141 421076 HEG4_chr10_2404092_2868093
75 90.00 311734 311795 HEG4_chr10_2404092_2868093 421167 421106 HEG4_chr10_2404092_2868093
75 92.00 386186 386239 HEG4_chr10_2404092_2868093 436080 436027 HEG4_chr10_2404092_2868093
75 97.00 40454 40495 HEG4_chr10_2404092_2868093 443833 443792 HEG4_chr10_2404092_2868093
75 100.00 444709 444746 HEG4_chr10_2404092_2868093 444746 444709 HEG4_chr10_2404092_2868093
75 100.00 134913 134950 HEG4_chr10_2404092_2868093 444709 444746 HEG4_chr10_2404092_2868093
75 100.00 205952 205989 HEG4_chr10_2404092_2868093 444746 444709 HEG4_chr10_2404092_2868093
75 100.00 444710 444747 HEG4_chr10_2404092_2868093 444747 444710 HEG4_chr10_2404092_2868093
75 100.00 134892 134929 HEG4_chr10_2404092_2868093 444710 444747 HEG4_chr10_2404092_2868093
75 100.00 205953 205990 HEG4_chr10_2404092_2868093 444747 444710 HEG4_chr10_2404092_2868093
75 100.00 378128 378165 HEG4_chr10_2404092_2868093 444710 444747 HEG4_chr10_2404092_2868093
75 83.00 445851 445983 HEG4_chr10_2404092_2868093 445983 445851 HEG4_chr10_2404092_2868093
73 81.00 446553 446697 HEG4_chr10_2404092_2868093 4200 4056 HEG4_chr10_2404092_2868093
73 87.00 101541 101613 HEG4_chr10_2404092_2868093 22459 22387 HEG4_chr10_2404092_2868093
73 82.00 274493 274637 HEG4_chr10_2404092_2868093 79930 79787 HEG4_chr10_2404092_2868093
73 87.00 22387 22459 HEG4_chr10_2404092_2868093 101613 101541 HEG4_chr10_2404092_2868093
73 89.00 419023 419087 HEG4_chr10_2404092_2868093 110777 110713 HEG4_chr10_2404092_2868093
73 95.00 337253 337297 HEG4_chr10_2404092_2868093 134908 134952 HEG4_chr10_2404092_2868093
73 100.00 378129 378165 HEG4_chr10_2404092_2868093 134950 134914 HEG4_chr10_2404092_2868093
73 100.00 378128 378164 HEG4_chr10_2404092_2868093 134914 134950 HEG4_chr10_2404092_2868093
73 85.00 255341 255429 HEG4_chr10_2404092_2868093 139596 139508 HEG4_chr10_2404092_2868093
73 100.00 378128 378164 HEG4_chr10_2404092_2868093 205988 205952 HEG4_chr10_2404092_2868093
73 100.00 378129 378165 HEG4_chr10_2404092_2868093 205952 205988 HEG4_chr10_2404092_2868093
73 86.00 265515 265595 HEG4_chr10_2404092_2868093 207508 207428 HEG4_chr10_2404092_2868093
73 85.00 139508 139596 HEG4_chr10_2404092_2868093 255429 255341 HEG4_chr10_2404092_2868093
73 86.00 207428 207508 HEG4_chr10_2404092_2868093 265595 265515 HEG4_chr10_2404092_2868093
73 82.00 79787 79930 HEG4_chr10_2404092_2868093 274637 274493 HEG4_chr10_2404092_2868093
73 82.00 462758 462888 HEG4_chr10_2404092_2868093 330283 330417 HEG4_chr10_2404092_2868093
73 87.00 336248 336324 HEG4_chr10_2404092_2868093 333649 333573 HEG4_chr10_2404092_2868093
73 94.00 442786 442838 HEG4_chr10_2404092_2868093 336245 336194 HEG4_chr10_2404092_2868093
73 87.00 333573 333649 HEG4_chr10_2404092_2868093 336324 336248 HEG4_chr10_2404092_2868093
73 91.00 442703 442759 HEG4_chr10_2404092_2868093 336304 336248 HEG4_chr10_2404092_2868093
73 95.00 134908 134952 HEG4_chr10_2404092_2868093 337253 337297 HEG4_chr10_2404092_2868093
73 92.00 425345 425397 HEG4_chr10_2404092_2868093 355607 355555 HEG4_chr10_2404092_2868093
73 85.00 421077 421165 HEG4_chr10_2404092_2868093 355796 355708 HEG4_chr10_2404092_2868093
73 86.00 424909 424989 HEG4_chr10_2404092_2868093 355793 355713 HEG4_chr10_2404092_2868093
73 86.00 417805 417885 HEG4_chr10_2404092_2868093 355713 355793 HEG4_chr10_2404092_2868093
73 92.00 425345 425397 HEG4_chr10_2404092_2868093 363679 363627 HEG4_chr10_2404092_2868093
73 85.00 421077 421165 HEG4_chr10_2404092_2868093 363868 363780 HEG4_chr10_2404092_2868093
73 86.00 424909 424989 HEG4_chr10_2404092_2868093 363865 363785 HEG4_chr10_2404092_2868093
73 86.00 417805 417885 HEG4_chr10_2404092_2868093 363785 363865 HEG4_chr10_2404092_2868093
73 86.00 435828 435908 HEG4_chr10_2404092_2868093 371623 371543 HEG4_chr10_2404092_2868093
73 100.00 444709 444745 HEG4_chr10_2404092_2868093 378164 378128 HEG4_chr10_2404092_2868093
73 100.00 134914 134950 HEG4_chr10_2404092_2868093 378128 378164 HEG4_chr10_2404092_2868093
73 100.00 205952 205988 HEG4_chr10_2404092_2868093 378164 378128 HEG4_chr10_2404092_2868093
73 100.00 205952 205988 HEG4_chr10_2404092_2868093 378129 378165 HEG4_chr10_2404092_2868093
73 100.00 134914 134950 HEG4_chr10_2404092_2868093 378165 378129 HEG4_chr10_2404092_2868093
73 100.00 444709 444745 HEG4_chr10_2404092_2868093 378129 378165 HEG4_chr10_2404092_2868093
73 86.00 355713 355793 HEG4_chr10_2404092_2868093 417805 417885 HEG4_chr10_2404092_2868093
73 86.00 363785 363865 HEG4_chr10_2404092_2868093 417805 417885 HEG4_chr10_2404092_2868093
73 89.00 110713 110777 HEG4_chr10_2404092_2868093 419087 419023 HEG4_chr10_2404092_2868093
73 85.00 363780 363868 HEG4_chr10_2404092_2868093 421165 421077 HEG4_chr10_2404092_2868093
73 85.00 355708 355796 HEG4_chr10_2404092_2868093 421165 421077 HEG4_chr10_2404092_2868093
73 86.00 363785 363865 HEG4_chr10_2404092_2868093 424989 424909 HEG4_chr10_2404092_2868093
73 86.00 355713 355793 HEG4_chr10_2404092_2868093 424989 424909 HEG4_chr10_2404092_2868093
73 92.00 363627 363679 HEG4_chr10_2404092_2868093 425397 425345 HEG4_chr10_2404092_2868093
73 92.00 355555 355607 HEG4_chr10_2404092_2868093 425397 425345 HEG4_chr10_2404092_2868093
73 86.00 371543 371623 HEG4_chr10_2404092_2868093 435908 435828 HEG4_chr10_2404092_2868093
73 91.00 336248 336304 HEG4_chr10_2404092_2868093 442759 442703 HEG4_chr10_2404092_2868093
73 94.00 336194 336245 HEG4_chr10_2404092_2868093 442838 442786 HEG4_chr10_2404092_2868093
73 100.00 378128 378164 HEG4_chr10_2404092_2868093 444745 444709 HEG4_chr10_2404092_2868093
73 100.00 378129 378165 HEG4_chr10_2404092_2868093 444709 444745 HEG4_chr10_2404092_2868093
73 81.00 4056 4200 HEG4_chr10_2404092_2868093 446697 446553 HEG4_chr10_2404092_2868093
73 82.00 330283 330417 HEG4_chr10_2404092_2868093 462758 462888 HEG4_chr10_2404092_2868093
71 86.00 274536 274611 HEG4_chr10_2404092_2868093 39779 39704 HEG4_chr10_2404092_2868093
71 90.00 442906 442965 HEG4_chr10_2404092_2868093 39704 39763 HEG4_chr10_2404092_2868093
71 88.00 240119 240193 HEG4_chr10_2404092_2868093 64927 65002 HEG4_chr10_2404092_2868093
71 91.00 331770 331825 HEG4_chr10_2404092_2868093 80776 80721 HEG4_chr10_2404092_2868093
71 97.00 207317 207356 HEG4_chr10_2404092_2868093 114369 114408 HEG4_chr10_2404092_2868093
71 97.00 444708 444747 HEG4_chr10_2404092_2868093 134870 134909 HEG4_chr10_2404092_2868093
71 97.00 337253 337292 HEG4_chr10_2404092_2868093 134925 134886 HEG4_chr10_2404092_2868093
71 97.00 337253 337292 HEG4_chr10_2404092_2868093 134892 134931 HEG4_chr10_2404092_2868093
71 97.00 337253 337292 HEG4_chr10_2404092_2868093 134933 134894 HEG4_chr10_2404092_2868093
71 97.00 337253 337292 HEG4_chr10_2404092_2868093 134894 134933 HEG4_chr10_2404092_2868093
71 97.00 337253 337292 HEG4_chr10_2404092_2868093 134935 134896 HEG4_chr10_2404092_2868093
71 97.00 337253 337292 HEG4_chr10_2404092_2868093 134896 134935 HEG4_chr10_2404092_2868093
71 97.00 337253 337292 HEG4_chr10_2404092_2868093 134937 134898 HEG4_chr10_2404092_2868093
71 97.00 337253 337292 HEG4_chr10_2404092_2868093 134898 134937 HEG4_chr10_2404092_2868093
71 97.00 337253 337292 HEG4_chr10_2404092_2868093 134939 134900 HEG4_chr10_2404092_2868093
71 97.00 337253 337292 HEG4_chr10_2404092_2868093 134900 134939 HEG4_chr10_2404092_2868093
71 97.00 337253 337292 HEG4_chr10_2404092_2868093 134941 134902 HEG4_chr10_2404092_2868093
71 97.00 337253 337292 HEG4_chr10_2404092_2868093 134902 134941 HEG4_chr10_2404092_2868093
71 97.00 337253 337292 HEG4_chr10_2404092_2868093 134943 134904 HEG4_chr10_2404092_2868093
71 97.00 337253 337292 HEG4_chr10_2404092_2868093 134904 134943 HEG4_chr10_2404092_2868093
71 97.00 337253 337292 HEG4_chr10_2404092_2868093 134945 134906 HEG4_chr10_2404092_2868093
71 97.00 337253 337292 HEG4_chr10_2404092_2868093 134906 134945 HEG4_chr10_2404092_2868093
71 97.00 337253 337292 HEG4_chr10_2404092_2868093 134947 134908 HEG4_chr10_2404092_2868093
71 97.00 337253 337292 HEG4_chr10_2404092_2868093 134949 134910 HEG4_chr10_2404092_2868093
71 88.00 160101 160168 HEG4_chr10_2404092_2868093 160008 159941 HEG4_chr10_2404092_2868093
71 88.00 159941 160008 HEG4_chr10_2404092_2868093 160168 160101 HEG4_chr10_2404092_2868093
71 86.00 207428 207507 HEG4_chr10_2404092_2868093 164235 164314 HEG4_chr10_2404092_2868093
71 86.00 207428 207507 HEG4_chr10_2404092_2868093 207347 207268 HEG4_chr10_2404092_2868093
71 97.00 114369 114408 HEG4_chr10_2404092_2868093 207317 207356 HEG4_chr10_2404092_2868093
71 86.00 164235 164314 HEG4_chr10_2404092_2868093 207428 207507 HEG4_chr10_2404092_2868093
71 86.00 207268 207347 HEG4_chr10_2404092_2868093 207507 207428 HEG4_chr10_2404092_2868093
71 88.00 64927 65002 HEG4_chr10_2404092_2868093 240119 240193 HEG4_chr10_2404092_2868093
71 86.00 39704 39779 HEG4_chr10_2404092_2868093 274611 274536 HEG4_chr10_2404092_2868093
71 89.00 333009 333072 HEG4_chr10_2404092_2868093 274552 274615 HEG4_chr10_2404092_2868093
71 97.00 386194 386233 HEG4_chr10_2404092_2868093 311402 311441 HEG4_chr10_2404092_2868093
71 91.00 80721 80776 HEG4_chr10_2404092_2868093 331825 331770 HEG4_chr10_2404092_2868093
71 89.00 274552 274615 HEG4_chr10_2404092_2868093 333009 333072 HEG4_chr10_2404092_2868093
71 97.00 134892 134931 HEG4_chr10_2404092_2868093 337253 337292 HEG4_chr10_2404092_2868093
71 97.00 134894 134933 HEG4_chr10_2404092_2868093 337253 337292 HEG4_chr10_2404092_2868093
71 97.00 134896 134935 HEG4_chr10_2404092_2868093 337253 337292 HEG4_chr10_2404092_2868093
71 97.00 134898 134937 HEG4_chr10_2404092_2868093 337253 337292 HEG4_chr10_2404092_2868093
71 97.00 134900 134939 HEG4_chr10_2404092_2868093 337253 337292 HEG4_chr10_2404092_2868093
71 97.00 134902 134941 HEG4_chr10_2404092_2868093 337253 337292 HEG4_chr10_2404092_2868093
71 97.00 134904 134943 HEG4_chr10_2404092_2868093 337253 337292 HEG4_chr10_2404092_2868093
71 97.00 134906 134945 HEG4_chr10_2404092_2868093 337253 337292 HEG4_chr10_2404092_2868093
71 97.00 134910 134949 HEG4_chr10_2404092_2868093 337292 337253 HEG4_chr10_2404092_2868093
71 97.00 134908 134947 HEG4_chr10_2404092_2868093 337292 337253 HEG4_chr10_2404092_2868093
71 97.00 134906 134945 HEG4_chr10_2404092_2868093 337292 337253 HEG4_chr10_2404092_2868093
71 97.00 134904 134943 HEG4_chr10_2404092_2868093 337292 337253 HEG4_chr10_2404092_2868093
71 97.00 134902 134941 HEG4_chr10_2404092_2868093 337292 337253 HEG4_chr10_2404092_2868093
71 97.00 134900 134939 HEG4_chr10_2404092_2868093 337292 337253 HEG4_chr10_2404092_2868093
71 97.00 134898 134937 HEG4_chr10_2404092_2868093 337292 337253 HEG4_chr10_2404092_2868093
71 97.00 134896 134935 HEG4_chr10_2404092_2868093 337292 337253 HEG4_chr10_2404092_2868093
71 97.00 134894 134933 HEG4_chr10_2404092_2868093 337292 337253 HEG4_chr10_2404092_2868093
71 97.00 134886 134925 HEG4_chr10_2404092_2868093 337292 337253 HEG4_chr10_2404092_2868093
71 100.00 378126 378161 HEG4_chr10_2404092_2868093 337288 337253 HEG4_chr10_2404092_2868093
71 100.00 337253 337288 HEG4_chr10_2404092_2868093 378161 378126 HEG4_chr10_2404092_2868093
71 97.00 311402 311441 HEG4_chr10_2404092_2868093 386194 386233 HEG4_chr10_2404092_2868093
71 84.00 388050 388141 HEG4_chr10_2404092_2868093 388141 388050 HEG4_chr10_2404092_2868093
71 90.00 39704 39763 HEG4_chr10_2404092_2868093 442906 442965 HEG4_chr10_2404092_2868093
71 97.00 134870 134909 HEG4_chr10_2404092_2868093 444708 444747 HEG4_chr10_2404092_2868093
