29450 98.00 162701 178322 OG_10_2247279_2720175 116387 132013 OS_Chr10_2616367_3045941
28880 98.00 336768 352332 OG_10_2247279_2720175 307077 322621 OS_Chr10_2616367_3045941
26790 96.00 238699 254087 OG_10_2247279_2720175 205550 220919 OS_Chr10_2616367_3045941
22220 97.00 133463 145736 OG_10_2247279_2720175 85925 98200 OS_Chr10_2616367_3045941
21720 98.00 307185 319103 OG_10_2247279_2720175 277313 289214 OS_Chr10_2616367_3045941
17570 96.00 319188 329337 OG_10_2247279_2720175 289217 299351 OS_Chr10_2616367_3045941
15370 96.00 275895 284892 OG_10_2247279_2720175 242867 251804 OS_Chr10_2616367_3045941
15190 98.00 229018 237355 OG_10_2247279_2720175 196372 204705 OS_Chr10_2616367_3045941
12160 97.00 254141 260766 OG_10_2247279_2720175 220994 227594 OS_Chr10_2616367_3045941
12140 96.00 121025 127990 OG_10_2247279_2720175 72664 79662 OS_Chr10_2616367_3045941
10640 98.00 153018 158723 OG_10_2247279_2720175 106459 112200 OS_Chr10_2616367_3045941
10020 97.00 294944 300551 OG_10_2247279_2720175 265284 270883 OS_Chr10_2616367_3045941
9002 97.00 300625 305581 OG_10_2247279_2720175 270885 275856 OS_Chr10_2616367_3045941
8946 91.00 416469 423240 OG_10_2247279_2720175 406790 413633 OS_Chr10_2616367_3045941
8802 97.00 113839 118824 OG_10_2247279_2720175 65446 70433 OS_Chr10_2616367_3045941
8679 97.00 265996 270828 OG_10_2247279_2720175 232481 237310 OS_Chr10_2616367_3045941
8593 97.00 284982 289667 OG_10_2247279_2720175 251903 256616 OS_Chr10_2616367_3045941
7892 95.00 261035 265757 OG_10_2247279_2720175 227750 232482 OS_Chr10_2616367_3045941
7842 99.00 145734 149832 OG_10_2247279_2720175 99244 103343 OS_Chr10_2616367_3045941
7468 98.00 158706 162652 OG_10_2247279_2720175 112243 116212 OS_Chr10_2616367_3045941
7317 95.00 127991 132459 OG_10_2247279_2720175 79730 84190 OS_Chr10_2616367_3045941
7220 97.00 212180 216165 OG_10_2247279_2720175 191052 195041 OS_Chr10_2616367_3045941
7047 97.00 206991 210949 OG_10_2247279_2720175 185923 189878 OS_Chr10_2616367_3045941
6316 97.00 291443 294946 OG_10_2247279_2720175 261755 265256 OS_Chr10_2616367_3045941
6312 95.00 385624 389442 OG_10_2247279_2720175 382589 386389 OS_Chr10_2616367_3045941
6213 95.00 333082 336767 OG_10_2247279_2720175 303138 306844 OS_Chr10_2616367_3045941
6153 96.00 270856 274416 OG_10_2247279_2720175 237309 240884 OS_Chr10_2616367_3045941
5622 96.00 195876 199155 OG_10_2247279_2720175 174664 177932 OS_Chr10_2616367_3045941
5523 94.00 86147 89644 OG_10_2247279_2720175 45543 49060 OS_Chr10_2616367_3045941
5519 97.00 149878 153020 OG_10_2247279_2720175 103293 106437 OS_Chr10_2616367_3045941
5188 95.00 382491 385623 OG_10_2247279_2720175 378889 382028 OS_Chr10_2616367_3045941
5174 95.00 413271 416451 OG_10_2247279_2720175 403583 406719 OS_Chr10_2616367_3045941
5065 98.00 202294 204972 OG_10_2247279_2720175 180943 183625 OS_Chr10_2616367_3045941
4754 96.00 352271 355041 OG_10_2247279_2720175 322605 325415 OS_Chr10_2616367_3045941
4464 95.00 410033 412781 OG_10_2247279_2720175 400188 402959 OS_Chr10_2616367_3045941
3941 98.00 199336 201440 OG_10_2247279_2720175 178150 180248 OS_Chr10_2616367_3045941
3931 97.00 118879 121032 OG_10_2247279_2720175 70450 72612 OS_Chr10_2616367_3045941
3830 97.00 455385 457505 OG_10_2247279_2720175 427456 429575 OS_Chr10_2616367_3045941
3770 95.00 366335 368727 OG_10_2247279_2720175 358741 361127 OS_Chr10_2616367_3045941
3299 97.00 289605 291446 OG_10_2247279_2720175 256588 258426 OS_Chr10_2616367_3045941
3239 96.00 205125 206992 OG_10_2247279_2720175 184082 185962 OS_Chr10_2616367_3045941
3192 94.00 192046 194094 OG_10_2247279_2720175 169887 171952 OS_Chr10_2616367_3045941
3077 94.00 330746 332759 OG_10_2247279_2720175 300796 302809 OS_Chr10_2616367_3045941
2859 94.00 91641 93516 OG_10_2247279_2720175 51098 52978 OS_Chr10_2616367_3045941
2742 90.00 179061 181213 OG_10_2247279_2720175 163326 165493 OS_Chr10_2616367_3045941
2702 95.00 358084 359710 OG_10_2247279_2720175 331699 333332 OS_Chr10_2616367_3045941
2413 94.00 406265 407817 OG_10_2247279_2720175 396498 398045 OS_Chr10_2616367_3045941
2383 97.00 356377 357715 OG_10_2247279_2720175 327309 328651 OS_Chr10_2616367_3045941
2355 97.00 305860 307185 OG_10_2247279_2720175 275854 277193 OS_Chr10_2616367_3045941
2296 94.00 423240 424698 OG_10_2247279_2720175 414988 416443 OS_Chr10_2616367_3045941
2230 91.00 378340 380095 OG_10_2247279_2720175 373765 375472 OS_Chr10_2616367_3045941
2155 95.00 355062 356362 OG_10_2247279_2720175 325413 326690 OS_Chr10_2616367_3045941
2119 97.00 210964 212149 OG_10_2247279_2720175 189870 191057 OS_Chr10_2616367_3045941
2107 94.00 355421 356805 OG_10_2247279_2720175 342812 344198 OS_Chr10_2616367_3045941
2074 93.00 355421 356813 OG_10_2247279_2720175 333889 335265 OS_Chr10_2616367_3045941
1992 94.00 90399 91685 OG_10_2247279_2720175 49809 51097 OS_Chr10_2616367_3045941
1774 89.00 362907 364542 OG_10_2247279_2720175 77681 76033 OS_Chr10_2616367_3045941
1586 96.00 329797 330737 OG_10_2247279_2720175 299817 300762 OS_Chr10_2616367_3045941
1582 94.00 97747 98742 OG_10_2247279_2720175 53895 54900 OS_Chr10_2616367_3045941
1554 95.00 194917 195879 OG_10_2247279_2720175 173437 174401 OS_Chr10_2616367_3045941
1497 97.00 409208 410034 OG_10_2247279_2720175 399340 400165 OS_Chr10_2616367_3045941
1443 92.00 371280 372303 OG_10_2247279_2720175 365247 366251 OS_Chr10_2616367_3045941
1407 95.00 449986 450851 OG_10_2247279_2720175 420455 421313 OS_Chr10_2616367_3045941
1338 94.00 362031 362906 OG_10_2247279_2720175 357874 358745 OS_Chr10_2616367_3045941
1316 93.00 360848 361765 OG_10_2247279_2720175 351833 352733 OS_Chr10_2616367_3045941
1298 98.00 227601 228305 OG_10_2247279_2720175 195035 195742 OS_Chr10_2616367_3045941
1285 89.00 359745 360863 OG_10_2247279_2720175 342501 343619 OS_Chr10_2616367_3045941
1255 95.00 275134 275875 OG_10_2247279_2720175 242139 242881 OS_Chr10_2616367_3045941
1158 91.00 406505 407391 OG_10_2247279_2720175 416103 415215 OS_Chr10_2616367_3045941
1142 91.00 194093 194929 OG_10_2247279_2720175 172187 173021 OS_Chr10_2616367_3045941
1136 88.00 453733 454809 OG_10_2247279_2720175 350418 349342 OS_Chr10_2616367_3045941
1128 86.00 441922 443188 OG_10_2247279_2720175 30866 29594 OS_Chr10_2616367_3045941
1126 90.00 379186 380143 OG_10_2247279_2720175 366228 365301 OS_Chr10_2616367_3045941
1120 97.00 228328 228960 OG_10_2247279_2720175 195742 196372 OS_Chr10_2616367_3045941
1108 91.00 381108 381985 OG_10_2247279_2720175 377547 378422 OS_Chr10_2616367_3045941
1100 88.00 359910 360826 OG_10_2247279_2720175 350419 351322 OS_Chr10_2616367_3045941
1090 91.00 358802 359649 OG_10_2247279_2720175 340529 341376 OS_Chr10_2616367_3045941
1088 89.00 359937 360860 OG_10_2247279_2720175 333783 334700 OS_Chr10_2616367_3045941
1086 88.00 423332 424362 OG_10_2247279_2720175 397769 396735 OS_Chr10_2616367_3045941
1065 90.00 358821 359710 OG_10_2247279_2720175 347882 348776 OS_Chr10_2616367_3045941
1055 91.00 355421 356187 OG_10_2247279_2720175 350552 351307 OS_Chr10_2616367_3045941
1039 89.00 356792 357715 OG_10_2247279_2720175 335309 336225 OS_Chr10_2616367_3045941
1023 93.00 89644 90370 OG_10_2247279_2720175 49097 49814 OS_Chr10_2616367_3045941
1011 95.00 452579 453208 OG_10_2247279_2720175 424300 424939 OS_Chr10_2616367_3045941
1007 88.00 371352 372274 OG_10_2247279_2720175 375501 374568 OS_Chr10_2616367_3045941
942 93.00 362907 363558 OG_10_2247279_2720175 261754 261103 OS_Chr10_2616367_3045941
910 91.00 134879 135599 OG_10_2247279_2720175 210122 209398 OS_Chr10_2616367_3045941
910 85.00 372472 373590 OG_10_2247279_2720175 366343 367434 OS_Chr10_2616367_3045941
902 91.00 242540 243257 OG_10_2247279_2720175 88057 87345 OS_Chr10_2616367_3045941
896 93.00 125380 126033 OG_10_2247279_2720175 261103 261754 OS_Chr10_2616367_3045941
878 89.00 360007 360765 OG_10_2247279_2720175 325740 326480 OS_Chr10_2616367_3045941
872 87.00 124278 125214 OG_10_2247279_2720175 260006 260946 OS_Chr10_2616367_3045941
870 86.00 408108 409015 OG_10_2247279_2720175 398188 399139 OS_Chr10_2616367_3045941
848 96.00 132457 132956 OG_10_2247279_2720175 84812 85311 OS_Chr10_2616367_3045941
842 90.00 357714 358396 OG_10_2247279_2720175 344628 345319 OS_Chr10_2616367_3045941
823 92.00 451898 452514 OG_10_2247279_2720175 423616 424235 OS_Chr10_2616367_3045941
821 87.00 363710 364562 OG_10_2247279_2720175 260949 260095 OS_Chr10_2616367_3045941
795 89.00 404724 405425 OG_10_2247279_2720175 394419 395107 OS_Chr10_2616367_3045941
779 96.00 201673 202115 OG_10_2247279_2720175 180239 180689 OS_Chr10_2616367_3045941
777 90.00 355619 356230 OG_10_2247279_2720175 365628 366228 OS_Chr10_2616367_3045941
755 91.00 357754 358385 OG_10_2247279_2720175 339652 340287 OS_Chr10_2616367_3045941
741 90.00 414572 415185 OG_10_2247279_2720175 415520 416133 OS_Chr10_2616367_3045941
735 96.00 83071 83515 OG_10_2247279_2720175 42395 42838 OS_Chr10_2616367_3045941
731 87.00 392011 392711 OG_10_2247279_2720175 389009 389715 OS_Chr10_2616367_3045941
714 96.00 289529 289940 OG_10_2247279_2720175 266265 266676 OS_Chr10_2616367_3045941
714 90.00 406502 407089 OG_10_2247279_2720175 405433 404846 OS_Chr10_2616367_3045941
710 89.00 423776 424380 OG_10_2247279_2720175 404847 405451 OS_Chr10_2616367_3045941
708 92.00 451396 451881 OG_10_2247279_2720175 421881 422379 OS_Chr10_2616367_3045941
706 95.00 382017 382456 OG_10_2247279_2720175 378420 378856 OS_Chr10_2616367_3045941
704 93.00 329310 329754 OG_10_2247279_2720175 299353 299817 OS_Chr10_2616367_3045941
686 96.00 412783 413194 OG_10_2247279_2720175 403068 403477 OS_Chr10_2616367_3045941
686 91.00 453215 453733 OG_10_2247279_2720175 426346 426876 OS_Chr10_2616367_3045941
684 92.00 413792 414286 OG_10_2247279_2720175 397867 397359 OS_Chr10_2616367_3045941
676 89.00 414570 415155 OG_10_2247279_2720175 397311 396738 OS_Chr10_2616367_3045941
672 88.00 379204 379793 OG_10_2247279_2720175 334680 334087 OS_Chr10_2616367_3045941
666 89.00 371658 372259 OG_10_2247279_2720175 334087 334680 OS_Chr10_2616367_3045941
662 88.00 355619 356232 OG_10_2247279_2720175 375172 374563 OS_Chr10_2616367_3045941
640 94.00 407138 407552 OG_10_2247279_2720175 404559 404145 OS_Chr10_2616367_3045941
634 93.00 449615 450046 OG_10_2247279_2720175 420015 420449 OS_Chr10_2616367_3045941
630 87.00 360261 360857 OG_10_2247279_2720175 365628 366228 OS_Chr10_2616367_3045941
628 96.00 357714 358084 OG_10_2247279_2720175 328681 329047 OS_Chr10_2616367_3045941
620 89.00 379242 379793 OG_10_2247279_2720175 351298 350750 OS_Chr10_2616367_3045941
615 95.00 332729 333096 OG_10_2247279_2720175 302810 303181 OS_Chr10_2616367_3045941
609 87.00 371658 372270 OG_10_2247279_2720175 343010 343606 OS_Chr10_2616367_3045941
607 91.00 447614 448087 OG_10_2247279_2720175 418427 418892 OS_Chr10_2616367_3045941
603 85.00 19844 20534 OG_10_2247279_2720175 87341 88050 OS_Chr10_2616367_3045941
603 92.00 448087 448525 OG_10_2247279_2720175 418956 419392 OS_Chr10_2616367_3045941
595 91.00 393195 393657 OG_10_2247279_2720175 393422 393895 OS_Chr10_2616367_3045941
583 86.00 360261 360859 OG_10_2247279_2720175 375172 374563 OS_Chr10_2616367_3045941
569 93.00 322032 322422 OG_10_2247279_2720175 289214 289603 OS_Chr10_2616367_3045941
563 88.00 371658 372186 OG_10_2247279_2720175 350750 351263 OS_Chr10_2616367_3045941
553 85.00 389438 390150 OG_10_2247279_2720175 388205 388927 OS_Chr10_2616367_3045941
549 89.00 454264 454775 OG_10_2247279_2720175 414302 414815 OS_Chr10_2616367_3045941
547 95.00 296003 296338 OG_10_2247279_2720175 256588 256923 OS_Chr10_2616367_3045941
541 87.00 406511 407039 OG_10_2247279_2720175 401391 400863 OS_Chr10_2616367_3045941
539 87.00 371658 372203 OG_10_2247279_2720175 325970 326499 OS_Chr10_2616367_3045941
527 87.00 424829 425383 OG_10_2247279_2720175 416438 417002 OS_Chr10_2616367_3045941
519 98.00 202059 202338 OG_10_2247279_2720175 180662 180942 OS_Chr10_2616367_3045941
517 87.00 410693 411225 OG_10_2247279_2720175 415575 416107 OS_Chr10_2616367_3045941
515 89.00 138021 138461 OG_10_2247279_2720175 81892 82331 OS_Chr10_2616367_3045941
513 94.00 370935 371280 OG_10_2247279_2720175 361320 361665 OS_Chr10_2616367_3045941
511 88.00 83040 83519 OG_10_2247279_2720175 44202 44678 OS_Chr10_2616367_3045941
511 88.00 410687 411176 OG_10_2247279_2720175 397260 396771 OS_Chr10_2616367_3045941
509 89.00 112867 113323 OG_10_2247279_2720175 57693 58151 OS_Chr10_2616367_3045941
498 89.00 131796 132221 OG_10_2247279_2720175 280039 279613 OS_Chr10_2616367_3045941
494 86.00 414625 415149 OG_10_2247279_2720175 400867 401391 OS_Chr10_2616367_3045941
494 86.00 410691 411215 OG_10_2247279_2720175 404900 405424 OS_Chr10_2616367_3045941
490 99.00 414032 414286 OG_10_2247279_2720175 415215 415469 OS_Chr10_2616367_3045941
480 86.00 423831 424363 OG_10_2247279_2720175 400869 401401 OS_Chr10_2616367_3045941
472 91.00 449237 449589 OG_10_2247279_2720175 419387 419745 OS_Chr10_2616367_3045941
468 85.00 28288 28866 OG_10_2247279_2720175 133584 134165 OS_Chr10_2616367_3045941
462 89.00 309490 309909 OG_10_2247279_2720175 83943 83526 OS_Chr10_2616367_3045941
460 95.00 112557 112833 OG_10_2247279_2720175 57414 57693 OS_Chr10_2616367_3045941
458 93.00 309491 309808 OG_10_2247279_2720175 209400 209717 OS_Chr10_2616367_3045941
458 88.00 20098 20534 OG_10_2247279_2720175 280062 279624 OS_Chr10_2616367_3045941
458 85.00 376877 377400 OG_10_2247279_2720175 369966 370489 OS_Chr10_2616367_3045941
452 94.00 102117 102421 OG_10_2247279_2720175 56121 56427 OS_Chr10_2616367_3045941
452 97.00 181395 181652 OG_10_2247279_2720175 166361 166615 OS_Chr10_2616367_3045941
452 91.00 379443 379793 OG_10_2247279_2720175 326323 325970 OS_Chr10_2616367_3045941
452 91.00 379443 379793 OG_10_2247279_2720175 343363 343010 OS_Chr10_2616367_3045941
446 89.00 191072 191501 OG_10_2247279_2720175 169343 169774 OS_Chr10_2616367_3045941
446 93.00 242540 242855 OG_10_2247279_2720175 279617 279933 OS_Chr10_2616367_3045941
446 88.00 393775 394199 OG_10_2247279_2720175 393937 394361 OS_Chr10_2616367_3045941
442 91.00 363455 363800 OG_10_2247279_2720175 139540 139196 OS_Chr10_2616367_3045941
440 91.00 242917 243257 OG_10_2247279_2720175 279995 280345 OS_Chr10_2616367_3045941
430 91.00 9271 9595 OG_10_2247279_2720175 76637 76961 OS_Chr10_2616367_3045941
426 91.00 135279 135597 OG_10_2247279_2720175 279933 279615 OS_Chr10_2616367_3045941
422 91.00 17763 18087 OG_10_2247279_2720175 76637 76961 OS_Chr10_2616367_3045941
422 92.00 357399 357715 OG_10_2247279_2720175 344283 344598 OS_Chr10_2616367_3045941
418 89.00 20126 20534 OG_10_2247279_2720175 83526 83933 OS_Chr10_2616367_3045941
414 94.00 358554 358826 OG_10_2247279_2720175 345332 345604 OS_Chr10_2616367_3045941
404 92.00 83792 84085 OG_10_2247279_2720175 42950 43247 OS_Chr10_2616367_3045941
404 96.00 84722 84953 OG_10_2247279_2720175 45295 45526 OS_Chr10_2616367_3045941
402 89.00 309884 310224 OG_10_2247279_2720175 87665 87341 OS_Chr10_2616367_3045941
402 91.00 131913 132219 OG_10_2247279_2720175 209706 209400 OS_Chr10_2616367_3045941
400 90.00 309873 310224 OG_10_2247279_2720175 209782 210122 OS_Chr10_2616367_3045941
400 88.00 423332 423721 OG_10_2247279_2720175 404156 404559 OS_Chr10_2616367_3045941
398 90.00 113330 113655 OG_10_2247279_2720175 59545 59876 OS_Chr10_2616367_3045941
392 83.00 380274 380889 OG_10_2247279_2720175 375684 376277 OS_Chr10_2616367_3045941
391 88.00 134879 135217 OG_10_2247279_2720175 280349 279995 OS_Chr10_2616367_3045941
387 86.00 20102 20534 OG_10_2247279_2720175 209842 209409 OS_Chr10_2616367_3045941
379 90.00 309491 309808 OG_10_2247279_2720175 88059 87741 OS_Chr10_2616367_3045941
377 86.00 100400 100816 OG_10_2247279_2720175 280043 279615 OS_Chr10_2616367_3045941
375 91.00 242540 242844 OG_10_2247279_2720175 83940 83638 OS_Chr10_2616367_3045941
373 91.00 131933 132219 OG_10_2247279_2720175 87772 88059 OS_Chr10_2616367_3045941
367 85.00 42182 42646 OG_10_2247279_2720175 148867 148417 OS_Chr10_2616367_3045941
359 93.00 361767 362029 OG_10_2247279_2720175 354612 354874 OS_Chr10_2616367_3045941
357 91.00 135310 135597 OG_10_2247279_2720175 83658 83942 OS_Chr10_2616367_3045941
343 86.00 100409 100816 OG_10_2247279_2720175 83526 83942 OS_Chr10_2616367_3045941
337 81.00 115435 116055 OG_10_2247279_2720175 51955 52578 OS_Chr10_2616367_3045941
337 92.00 248310 248550 OG_10_2247279_2720175 172190 171949 OS_Chr10_2616367_3045941
333 94.00 179502 179729 OG_10_2247279_2720175 133175 133402 OS_Chr10_2616367_3045941
327 93.00 179256 179500 OG_10_2247279_2720175 132594 132836 OS_Chr10_2616367_3045941
325 97.00 231192 231371 OG_10_2247279_2720175 203683 203504 OS_Chr10_2616367_3045941
319 86.00 125126 125485 OG_10_2247279_2720175 139195 139542 OS_Chr10_2616367_3045941
319 91.00 191633 191876 OG_10_2247279_2720175 240868 240626 OS_Chr10_2616367_3045941
319 91.00 19844 20092 OG_10_2247279_2720175 280349 280101 OS_Chr10_2616367_3045941
319 95.00 408984 409176 OG_10_2247279_2720175 399151 399343 OS_Chr10_2616367_3045941
317 95.00 359737 359929 OG_10_2247279_2720175 333549 333743 OS_Chr10_2616367_3045941
313 92.00 100141 100377 OG_10_2247279_2720175 280349 280113 OS_Chr10_2616367_3045941
309 96.00 236152 236331 OG_10_2247279_2720175 198725 198546 OS_Chr10_2616367_3045941
309 85.00 461227 461591 OG_10_2247279_2720175 429540 429180 OS_Chr10_2616367_3045941
307 94.00 133463 133665 OG_10_2247279_2720175 85847 86049 OS_Chr10_2616367_3045941
305 92.00 96552 96773 OG_10_2247279_2720175 52983 53203 OS_Chr10_2616367_3045941
303 90.00 19844 20092 OG_10_2247279_2720175 210122 209875 OS_Chr10_2616367_3045941
299 83.00 130151 130577 OG_10_2247279_2720175 90487 90928 OS_Chr10_2616367_3045941
299 92.00 358742 358952 OG_10_2247279_2720175 340318 340528 OS_Chr10_2616367_3045941
295 91.00 455125 455344 OG_10_2247279_2720175 427219 427453 OS_Chr10_2616367_3045941
293 81.00 92493 93117 OG_10_2247279_2720175 67051 67676 OS_Chr10_2616367_3045941
293 85.00 238720 239084 OG_10_2247279_2720175 204933 204563 OS_Chr10_2616367_3045941
291 90.00 314684 314918 OG_10_2247279_2720175 171954 172188 OS_Chr10_2616367_3045941
291 90.00 373721 373959 OG_10_2247279_2720175 369736 369973 OS_Chr10_2616367_3045941
287 85.00 188685 189044 OG_10_2247279_2720175 270528 270883 OS_Chr10_2616367_3045941
283 91.00 314684 314918 OG_10_2247279_2720175 215370 215138 OS_Chr10_2616367_3045941
283 86.00 296567 296925 OG_10_2247279_2720175 268770 268420 OS_Chr10_2616367_3045941
281 90.00 100141 100381 OG_10_2247279_2720175 87341 87581 OS_Chr10_2616367_3045941
281 94.00 179056 179232 OG_10_2247279_2720175 132423 132595 OS_Chr10_2616367_3045941
281 98.00 204971 205124 OG_10_2247279_2720175 183890 184043 OS_Chr10_2616367_3045941
281 86.00 298088 298410 OG_10_2247279_2720175 267256 266932 OS_Chr10_2616367_3045941
281 90.00 248319 248545 OG_10_2247279_2720175 285032 284804 OS_Chr10_2616367_3045941
280 86.00 100508 100816 OG_10_2247279_2720175 209718 209400 OS_Chr10_2616367_3045941
278 92.00 133463 133665 OG_10_2247279_2720175 85690 85893 OS_Chr10_2616367_3045941
278 82.00 156515 157017 OG_10_2247279_2720175 112949 113439 OS_Chr10_2616367_3045941
278 90.00 51736 51961 OG_10_2247279_2720175 219289 219513 OS_Chr10_2616367_3045941
276 92.00 133463 133665 OG_10_2247279_2720175 85769 85971 OS_Chr10_2616367_3045941
274 83.00 100400 100816 OG_10_2247279_2720175 87631 88059 OS_Chr10_2616367_3045941
274 95.00 359745 359914 OG_10_2247279_2720175 349034 349203 OS_Chr10_2616367_3045941
272 83.00 96894 97234 OG_10_2247279_2720175 53200 53524 OS_Chr10_2616367_3045941
272 92.00 134931 135126 OG_10_2247279_2720175 83283 83479 OS_Chr10_2616367_3045941
270 91.00 98744 98947 OG_10_2247279_2720175 54928 55132 OS_Chr10_2616367_3045941
270 90.00 100139 100381 OG_10_2247279_2720175 210124 209883 OS_Chr10_2616367_3045941
266 92.00 243014 243206 OG_10_2247279_2720175 83479 83286 OS_Chr10_2616367_3045941
264 92.00 131559 131755 OG_10_2247279_2720175 87393 87588 OS_Chr10_2616367_3045941
262 83.00 84086 84408 OG_10_2247279_2720175 43311 43657 OS_Chr10_2616367_3045941
262 92.00 309977 310167 OG_10_2247279_2720175 83479 83288 OS_Chr10_2616367_3045941
262 90.00 379179 379394 OG_10_2247279_2720175 343620 343411 OS_Chr10_2616367_3045941
258 92.00 113653 113835 OG_10_2247279_2720175 59898 60082 OS_Chr10_2616367_3045941
256 91.00 97455 97651 OG_10_2247279_2720175 53555 53750 OS_Chr10_2616367_3045941
256 89.00 284955 285184 OG_10_2247279_2720175 251179 250957 OS_Chr10_2616367_3045941
254 91.00 131560 131755 OG_10_2247279_2720175 280296 280102 OS_Chr10_2616367_3045941
254 98.00 347511 347646 OG_10_2247279_2720175 323025 322890 OS_Chr10_2616367_3045941
242 85.00 364312 364631 OG_10_2247279_2720175 135486 135806 OS_Chr10_2616367_3045941
242 87.00 190839 191062 OG_10_2247279_2720175 168928 169162 OS_Chr10_2616367_3045941
240 97.00 450918 451054 OG_10_2247279_2720175 421322 421458 OS_Chr10_2616367_3045941
236 90.00 133470 133670 OG_10_2247279_2720175 85618 85820 OS_Chr10_2616367_3045941
236 94.00 295927 296081 OG_10_2247279_2720175 256478 256632 OS_Chr10_2616367_3045941
234 87.00 434594 434823 OG_10_2247279_2720175 138404 138175 OS_Chr10_2616367_3045941
234 91.00 131562 131755 OG_10_2247279_2720175 210067 209876 OS_Chr10_2616367_3045941
234 93.00 377474 377639 OG_10_2247279_2720175 370824 370989 OS_Chr10_2616367_3045941
232 90.00 133463 133665 OG_10_2247279_2720175 85340 85544 OS_Chr10_2616367_3045941
230 94.00 189089 189237 OG_10_2247279_2720175 168529 168681 OS_Chr10_2616367_3045941
226 91.00 410393 410562 OG_10_2247279_2720175 397520 397351 OS_Chr10_2616367_3045941
226 91.00 410393 410562 OG_10_2247279_2720175 415308 415477 OS_Chr10_2616367_3045941
224 81.00 159412 159900 OG_10_2247279_2720175 109973 110479 OS_Chr10_2616367_3045941
224 92.00 60666 60831 OG_10_2247279_2720175 235544 235711 OS_Chr10_2616367_3045941
222 89.00 124406 124614 OG_10_2247279_2720175 135695 135486 OS_Chr10_2616367_3045941
222 87.00 122463 122709 OG_10_2247279_2720175 137510 137263 OS_Chr10_2616367_3045941
222 90.00 36045 36224 OG_10_2247279_2720175 413958 413779 OS_Chr10_2616367_3045941
218 88.00 377637 377830 OG_10_2247279_2720175 372919 373104 OS_Chr10_2616367_3045941
218 92.00 414125 414282 OG_10_2247279_2720175 400569 400726 OS_Chr10_2616367_3045941
218 92.00 423560 423717 OG_10_2247279_2720175 400569 400726 OS_Chr10_2616367_3045941
218 92.00 410393 410550 OG_10_2247279_2720175 404398 404555 OS_Chr10_2616367_3045941
216 81.00 188176 188657 OG_10_2247279_2720175 167971 168461 OS_Chr10_2616367_3045941
214 83.00 28939 29298 OG_10_2247279_2720175 134427 134784 OS_Chr10_2616367_3045941
214 87.00 85911 86125 OG_10_2247279_2720175 248897 248682 OS_Chr10_2616367_3045941
214 99.00 451276 451387 OG_10_2247279_2720175 421462 421573 OS_Chr10_2616367_3045941
212 94.00 338060 338198 OG_10_2247279_2720175 230465 230603 OS_Chr10_2616367_3045941
208 97.00 186864 186980 OG_10_2247279_2720175 166789 166905 OS_Chr10_2616367_3045941
208 86.00 314684 314918 OG_10_2247279_2720175 240149 240382 OS_Chr10_2616367_3045941
208 94.00 454949 455081 OG_10_2247279_2720175 426871 427003 OS_Chr10_2616367_3045941
206 90.00 363796 363967 OG_10_2247279_2720175 137693 137522 OS_Chr10_2616367_3045941
206 90.00 124964 125131 OG_10_2247279_2720175 137526 137693 OS_Chr10_2616367_3045941
206 93.00 187304 187446 OG_10_2247279_2720175 166925 167069 OS_Chr10_2616367_3045941
206 87.00 366082 366334 OG_10_2247279_2720175 258681 258428 OS_Chr10_2616367_3045941
204 88.00 466316 466495 OG_10_2247279_2720175 118629 118808 OS_Chr10_2616367_3045941
204 85.00 248311 248549 OG_10_2247279_2720175 240383 240145 OS_Chr10_2616367_3045941
202 86.00 248319 248550 OG_10_2247279_2720175 240892 241127 OS_Chr10_2616367_3045941
202 88.00 284018 284218 OG_10_2247279_2720175 252105 251903 OS_Chr10_2616367_3045941
202 91.00 407142 407299 OG_10_2247279_2720175 400726 400569 OS_Chr10_2616367_3045941
200 89.00 100193 100390 OG_10_2247279_2720175 83283 83482 OS_Chr10_2616367_3045941
200 96.00 185376 185492 OG_10_2247279_2720175 166789 166905 OS_Chr10_2616367_3045941
200 87.00 246624 246834 OG_10_2247279_2720175 179437 179230 OS_Chr10_2616367_3045941
200 87.00 200420 200627 OG_10_2247279_2720175 213677 213467 OS_Chr10_2616367_3045941
200 86.00 334175 334407 OG_10_2247279_2720175 240146 240375 OS_Chr10_2616367_3045941
200 94.00 368727 368855 OG_10_2247279_2720175 361154 361282 OS_Chr10_2616367_3045941
200 84.00 38134 38412 OG_10_2247279_2720175 390590 390867 OS_Chr10_2616367_3045941
198 90.00 133463 133633 OG_10_2247279_2720175 85419 85590 OS_Chr10_2616367_3045941
198 86.00 451054 451280 OG_10_2247279_2720175 118236 118009 OS_Chr10_2616367_3045941
198 96.00 179763 179878 OG_10_2247279_2720175 134858 134973 OS_Chr10_2616367_3045941
198 99.00 260907 261009 OG_10_2247279_2720175 227657 227759 OS_Chr10_2616367_3045941
196 85.00 122461 122716 OG_10_2247279_2720175 258428 258686 OS_Chr10_2616367_3045941
194 92.00 9655 9796 OG_10_2247279_2720175 139436 139576 OS_Chr10_2616367_3045941
194 86.00 143406 143633 OG_10_2247279_2720175 219504 219278 OS_Chr10_2616367_3045941
192 87.00 19896 20091 OG_10_2247279_2720175 83283 83479 OS_Chr10_2616367_3045941
192 85.00 273674 273914 OG_10_2247279_2720175 241126 240883 OS_Chr10_2616367_3045941
192 95.00 352549 352669 OG_10_2247279_2720175 317951 317831 OS_Chr10_2616367_3045941
192 88.00 361103 361301 OG_10_2247279_2720175 327418 327619 OS_Chr10_2616367_3045941
190 87.00 469294 469510 OG_10_2247279_2720175 212204 211988 OS_Chr10_2616367_3045941
190 85.00 377851 378092 OG_10_2247279_2720175 373141 373385 OS_Chr10_2616367_3045941
188 81.00 136214 136534 OG_10_2247279_2720175 81211 81550 OS_Chr10_2616367_3045941
188 91.00 133516 133665 OG_10_2247279_2720175 85315 85465 OS_Chr10_2616367_3045941
188 88.00 9409 9595 OG_10_2247279_2720175 139196 139381 OS_Chr10_2616367_3045941
188 91.00 246346 246488 OG_10_2247279_2720175 179724 179582 OS_Chr10_2616367_3045941
188 88.00 1286 1473 OG_10_2247279_2720175 194015 194202 OS_Chr10_2616367_3045941
188 91.00 200772 200914 OG_10_2247279_2720175 213340 213198 OS_Chr10_2616367_3045941
188 85.00 314684 314918 OG_10_2247279_2720175 241122 240885 OS_Chr10_2616367_3045941
186 86.00 451057 451277 OG_10_2247279_2720175 118938 119159 OS_Chr10_2616367_3045941
186 85.00 445241 445470 OG_10_2247279_2720175 138404 138175 OS_Chr10_2616367_3045941
186 92.00 18147 18288 OG_10_2247279_2720175 139436 139576 OS_Chr10_2616367_3045941
186 93.00 379952 380081 OG_10_2247279_2720175 325770 325641 OS_Chr10_2616367_3045941
186 88.00 1296 1474 OG_10_2247279_2720175 422389 422208 OS_Chr10_2616367_3045941
184 88.00 136027 136203 OG_10_2247279_2720175 80982 81153 OS_Chr10_2616367_3045941
184 89.00 263383 263539 OG_10_2247279_2720175 403022 402866 OS_Chr10_2616367_3045941
182 83.00 252446 252685 OG_10_2247279_2720175 276355 276582 OS_Chr10_2616367_3045941
182 88.00 451767 451934 OG_10_2247279_2720175 304308 304477 OS_Chr10_2616367_3045941
182 91.00 263742 263880 OG_10_2247279_2720175 308378 308516 OS_Chr10_2616367_3045941
182 92.00 379257 379394 OG_10_2247279_2720175 326505 326371 OS_Chr10_2616367_3045941
180 87.00 17901 18087 OG_10_2247279_2720175 139196 139381 OS_Chr10_2616367_3045941
180 90.00 211233 211383 OG_10_2247279_2720175 187589 187439 OS_Chr10_2616367_3045941
180 90.00 208507 208657 OG_10_2247279_2720175 190289 190139 OS_Chr10_2616367_3045941
178 86.00 252446 252672 OG_10_2247279_2720175 96101 95874 OS_Chr10_2616367_3045941
178 96.00 377563 377668 OG_10_2247279_2720175 372946 373051 OS_Chr10_2616367_3045941
176 86.00 408855 409064 OG_10_2247279_2720175 92017 91806 OS_Chr10_2616367_3045941
174 89.00 84095 84250 OG_10_2247279_2720175 44749 44904 OS_Chr10_2616367_3045941
174 89.00 334247 334400 OG_10_2247279_2720175 194132 193980 OS_Chr10_2616367_3045941
174 83.00 306363 306583 OG_10_2247279_2720175 219278 219510 OS_Chr10_2616367_3045941
174 84.00 37477 37731 OG_10_2247279_2720175 389912 390166 OS_Chr10_2616367_3045941
172 97.00 133463 133557 OG_10_2247279_2720175 85498 85592 OS_Chr10_2616367_3045941
172 89.00 340872 341018 OG_10_2247279_2720175 311338 311192 OS_Chr10_2616367_3045941
172 86.00 361103 361301 OG_10_2247279_2720175 334936 335133 OS_Chr10_2616367_3045941
170 82.00 118693 118980 OG_10_2247279_2720175 71869 71590 OS_Chr10_2616367_3045941
170 81.00 129486 129825 OG_10_2247279_2720175 88676 88996 OS_Chr10_2616367_3045941
170 92.00 181272 181392 OG_10_2247279_2720175 165530 165650 OS_Chr10_2616367_3045941
170 89.00 285061 285213 OG_10_2247279_2720175 205788 205942 OS_Chr10_2616367_3045941
168 84.00 334178 334407 OG_10_2247279_2720175 284804 285032 OS_Chr10_2616367_3045941
168 86.00 356482 356683 OG_10_2247279_2720175 352079 352277 OS_Chr10_2616367_3045941
167 90.00 133523 133665 OG_10_2247279_2720175 85593 85736 OS_Chr10_2616367_3045941
167 86.00 57109 57300 OG_10_2247279_2720175 118047 118241 OS_Chr10_2616367_3045941
167 89.00 248328 248471 OG_10_2247279_2720175 193982 194125 OS_Chr10_2616367_3045941
167 87.00 451748 451918 OG_10_2247279_2720175 194164 193997 OS_Chr10_2616367_3045941
167 87.00 334175 334344 OG_10_2247279_2720175 241125 240954 OS_Chr10_2616367_3045941
167 95.00 9656 9759 OG_10_2247279_2720175 261103 261206 OS_Chr10_2616367_3045941
167 95.00 18148 18251 OG_10_2247279_2720175 261103 261206 OS_Chr10_2616367_3045941
167 82.00 451308 451606 OG_10_2247279_2720175 406751 407031 OS_Chr10_2616367_3045941
165 87.00 99029 99187 OG_10_2247279_2720175 55145 55312 OS_Chr10_2616367_3045941
165 90.00 332441 332591 OG_10_2247279_2720175 99243 99095 OS_Chr10_2616367_3045941
165 85.00 361103 361301 OG_10_2247279_2720175 343875 344072 OS_Chr10_2616367_3045941
165 86.00 248371 248550 OG_10_2247279_2720175 422389 422208 OS_Chr10_2616367_3045941
163 86.00 178825 179002 OG_10_2247279_2720175 118631 118808 OS_Chr10_2616367_3045941
163 84.00 52362 52609 OG_10_2247279_2720175 235754 235504 OS_Chr10_2616367_3045941
163 89.00 215119 215254 OG_10_2247279_2720175 304461 304325 OS_Chr10_2616367_3045941
163 86.00 336126 336319 OG_10_2247279_2720175 365734 365930 OS_Chr10_2616367_3045941
163 92.00 412787 412904 OG_10_2247279_2720175 403035 402918 OS_Chr10_2616367_3045941
161 92.00 99873 99988 OG_10_2247279_2720175 56019 56129 OS_Chr10_2616367_3045941
161 90.00 237213 237355 OG_10_2247279_2720175 205935 205797 OS_Chr10_2616367_3045941
159 84.00 366083 366332 OG_10_2247279_2720175 137262 137510 OS_Chr10_2616367_3045941
159 88.00 9270 9413 OG_10_2247279_2720175 137550 137693 OS_Chr10_2616367_3045941
159 98.00 284892 284975 OG_10_2247279_2720175 251840 251923 OS_Chr10_2616367_3045941
159 84.00 314697 314918 OG_10_2247279_2720175 304269 304492 OS_Chr10_2616367_3045941
157 85.00 447276 447465 OG_10_2247279_2720175 261028 261215 OS_Chr10_2616367_3045941
157 85.00 355723 355924 OG_10_2247279_2720175 306198 306396 OS_Chr10_2616367_3045941
157 85.00 336121 336319 OG_10_2247279_2720175 326074 326275 OS_Chr10_2616367_3045941
157 86.00 93523 93693 OG_10_2247279_2720175 329049 329219 OS_Chr10_2616367_3045941
157 85.00 336121 336319 OG_10_2247279_2720175 334191 334392 OS_Chr10_2616367_3045941
157 85.00 336121 336319 OG_10_2247279_2720175 343114 343315 OS_Chr10_2616367_3045941
157 85.00 336121 336319 OG_10_2247279_2720175 375071 374870 OS_Chr10_2616367_3045941
155 83.00 165246 165475 OG_10_2247279_2720175 118241 118012 OS_Chr10_2616367_3045941
155 84.00 9270 9498 OG_10_2247279_2720175 260720 260948 OS_Chr10_2616367_3045941
155 87.00 1294 1456 OG_10_2247279_2720175 284982 284817 OS_Chr10_2616367_3045941
155 85.00 379491 379687 OG_10_2247279_2720175 306396 306203 OS_Chr10_2616367_3045941
153 92.00 84548 84657 OG_10_2247279_2720175 45182 45295 OS_Chr10_2616367_3045941
151 87.00 129258 129428 OG_10_2247279_2720175 88489 88665 OS_Chr10_2616367_3045941
151 84.00 51736 51952 OG_10_2247279_2720175 96090 95874 OS_Chr10_2616367_3045941
151 85.00 215104 215276 OG_10_2247279_2720175 240901 241079 OS_Chr10_2616367_3045941
151 88.00 83847 83997 OG_10_2247279_2720175 275353 275202 OS_Chr10_2616367_3045941
151 89.00 306784 306917 OG_10_2247279_2720175 277296 277162 OS_Chr10_2616367_3045941
151 85.00 371762 371960 OG_10_2247279_2720175 306201 306396 OS_Chr10_2616367_3045941
151 82.00 121765 122020 OG_10_2247279_2720175 346955 347210 OS_Chr10_2616367_3045941
151 89.00 314725 314859 OG_10_2247279_2720175 422254 422389 OS_Chr10_2616367_3045941
149 92.00 9655 9761 OG_10_2247279_2720175 77027 77133 OS_Chr10_2616367_3045941
149 92.00 18147 18253 OG_10_2247279_2720175 77027 77133 OS_Chr10_2616367_3045941
149 94.00 191631 191724 OG_10_2247279_2720175 78857 78764 OS_Chr10_2616367_3045941
149 86.00 178655 178804 OG_10_2247279_2720175 132267 132417 OS_Chr10_2616367_3045941
149 89.00 314725 314861 OG_10_2247279_2720175 194156 194023 OS_Chr10_2616367_3045941
149 91.00 1307 1416 OG_10_2247279_2720175 304421 304310 OS_Chr10_2616367_3045941
149 84.00 336121 336319 OG_10_2247279_2720175 350854 351055 OS_Chr10_2616367_3045941
147 79.00 114306 114655 OG_10_2247279_2720175 3150 3490 OS_Chr10_2616367_3045941
147 87.00 285062 285213 OG_10_2247279_2720175 58311 58157 OS_Chr10_2616367_3045941
147 95.00 132894 132982 OG_10_2247279_2720175 85313 85401 OS_Chr10_2616367_3045941
147 87.00 376728 376877 OG_10_2247279_2720175 145015 144866 OS_Chr10_2616367_3045941
147 87.00 334185 334336 OG_10_2247279_2720175 210273 210123 OS_Chr10_2616367_3045941
147 90.00 314717 314841 OG_10_2247279_2720175 210248 210123 OS_Chr10_2616367_3045941
147 87.00 238934 239088 OG_10_2247279_2720175 251982 252134 OS_Chr10_2616367_3045941
147 86.00 215149 215307 OG_10_2247279_2720175 422387 422226 OS_Chr10_2616367_3045941
145 88.00 114668 114804 OG_10_2247279_2720175 5989 6125 OS_Chr10_2616367_3045941
145 85.00 451765 451954 OG_10_2247279_2720175 240199 240387 OS_Chr10_2616367_3045941
145 89.00 166712 166839 OG_10_2247279_2720175 242138 242263 OS_Chr10_2616367_3045941
145 93.00 243264 243364 OG_10_2247279_2720175 304414 304314 OS_Chr10_2616367_3045941
145 86.00 248312 248471 OG_10_2247279_2720175 304492 304332 OS_Chr10_2616367_3045941
145 81.00 392822 393068 OG_10_2247279_2720175 393075 393319 OS_Chr10_2616367_3045941
145 87.00 275134 275262 OG_10_2247279_2720175 426223 426095 OS_Chr10_2616367_3045941
143 98.00 9655 9730 OG_10_2247279_2720175 15680 15755 OS_Chr10_2616367_3045941
143 98.00 18147 18222 OG_10_2247279_2720175 15680 15755 OS_Chr10_2616367_3045941
143 87.00 17762 17905 OG_10_2247279_2720175 137550 137693 OS_Chr10_2616367_3045941
143 90.00 42032 42150 OG_10_2247279_2720175 149050 148931 OS_Chr10_2616367_3045941
141 98.00 9655 9729 OG_10_2247279_2720175 10031 10105 OS_Chr10_2616367_3045941
141 98.00 18147 18221 OG_10_2247279_2720175 10031 10105 OS_Chr10_2616367_3045941
141 81.00 91414 91700 OG_10_2247279_2720175 66016 66302 OS_Chr10_2616367_3045941
141 98.00 162701 162778 OG_10_2247279_2720175 116291 116369 OS_Chr10_2616367_3045941
141 83.00 273674 273905 OG_10_2247279_2720175 171950 172181 OS_Chr10_2616367_3045941
141 95.00 243264 243350 OG_10_2247279_2720175 194043 194129 OS_Chr10_2616367_3045941
141 95.00 371355 371441 OG_10_2247279_2720175 350419 350505 OS_Chr10_2616367_3045941
139 86.00 238922 239084 OG_10_2247279_2720175 59376 59537 OS_Chr10_2616367_3045941
139 86.00 285062 285212 OG_10_2247279_2720175 59389 59540 OS_Chr10_2616367_3045941
139 94.00 132894 132982 OG_10_2247279_2720175 85392 85480 OS_Chr10_2616367_3045941
139 88.00 243264 243389 OG_10_2247279_2720175 284962 284837 OS_Chr10_2616367_3045941
139 84.00 102465 102642 OG_10_2247279_2720175 302492 302669 OS_Chr10_2616367_3045941
139 89.00 243264 243381 OG_10_2247279_2720175 422371 422254 OS_Chr10_2616367_3045941
137 83.00 273691 273896 OG_10_2247279_2720175 194185 193982 OS_Chr10_2616367_3045941
137 96.00 370849 370929 OG_10_2247279_2720175 361282 361362 OS_Chr10_2616367_3045941
137 88.00 334219 334344 OG_10_2247279_2720175 422254 422379 OS_Chr10_2616367_3045941
137 88.00 394236 394362 OG_10_2247279_2720175 422390 422516 OS_Chr10_2616367_3045941
135 87.00 257502 257633 OG_10_2247279_2720175 154145 154005 OS_Chr10_2616367_3045941
135 82.00 273674 273905 OG_10_2247279_2720175 215374 215145 OS_Chr10_2616367_3045941
135 87.00 164940 165071 OG_10_2247279_2720175 421850 421719 OS_Chr10_2616367_3045941
133 89.00 284015 284140 OG_10_2247279_2720175 59515 59390 OS_Chr10_2616367_3045941
133 87.00 102465 102615 OG_10_2247279_2720175 99243 99095 OS_Chr10_2616367_3045941
133 84.00 215135 215308 OG_10_2247279_2720175 172141 171966 OS_Chr10_2616367_3045941
133 83.00 17762 17991 OG_10_2247279_2720175 260720 260949 OS_Chr10_2616367_3045941
133 86.00 370853 371010 OG_10_2247279_2720175 295849 295692 OS_Chr10_2616367_3045941
133 91.00 413142 413247 OG_10_2247279_2720175 403584 403478 OS_Chr10_2616367_3045941
133 85.00 453954 454115 OG_10_2247279_2720175 414142 414304 OS_Chr10_2616367_3045941
131 85.00 238922 239088 OG_10_2247279_2720175 58324 58157 OS_Chr10_2616367_3045941
131 82.00 164326 164555 OG_10_2247279_2720175 119159 118930 OS_Chr10_2616367_3045941
131 89.00 263410 263521 OG_10_2247279_2720175 229984 229873 OS_Chr10_2616367_3045941
131 88.00 243272 243389 OG_10_2247279_2720175 240972 241089 OS_Chr10_2616367_3045941
131 90.00 243274 243379 OG_10_2247279_2720175 241296 241191 OS_Chr10_2616367_3045941
131 83.00 37801 38010 OG_10_2247279_2720175 390263 390469 OS_Chr10_2616367_3045941
131 86.00 273720 273853 OG_10_2247279_2720175 422254 422389 OS_Chr10_2616367_3045941
129 89.00 451764 451883 OG_10_2247279_2720175 172003 172121 OS_Chr10_2616367_3045941
129 90.00 412800 412904 OG_10_2247279_2720175 230107 230211 OS_Chr10_2616367_3045941
129 83.00 102464 102646 OG_10_2247279_2720175 248675 248846 OS_Chr10_2616367_3045941
129 88.00 215138 215250 OG_10_2247279_2720175 284989 284877 OS_Chr10_2616367_3045941
129 83.00 360362 360557 OG_10_2247279_2720175 306204 306396 OS_Chr10_2616367_3045941
127 93.00 132896 132982 OG_10_2247279_2720175 85665 85751 OS_Chr10_2616367_3045941
127 82.00 306363 306589 OG_10_2247279_2720175 96101 95862 OS_Chr10_2616367_3045941
127 83.00 57099 57302 OG_10_2247279_2720175 119134 118928 OS_Chr10_2616367_3045941
127 83.00 334175 334367 OG_10_2247279_2720175 171951 172141 OS_Chr10_2616367_3045941
127 88.00 285062 285186 OG_10_2247279_2720175 204713 204589 OS_Chr10_2616367_3045941
127 86.00 215104 215247 OG_10_2247279_2720175 215154 215296 OS_Chr10_2616367_3045941
127 97.00 359639 359710 OG_10_2247279_2720175 342219 342290 OS_Chr10_2616367_3045941
127 93.00 371353 371441 OG_10_2247279_2720175 342675 342765 OS_Chr10_2616367_3045941
127 95.00 380026 380105 OG_10_2247279_2720175 342773 342694 OS_Chr10_2616367_3045941
125 79.00 114306 114684 OG_10_2247279_2720175 50717 51095 OS_Chr10_2616367_3045941
125 86.00 237213 237355 OG_10_2247279_2720175 58164 58303 OS_Chr10_2616367_3045941
125 84.00 366084 366326 OG_10_2247279_2720175 74356 74116 OS_Chr10_2616367_3045941
125 83.00 133516 133669 OG_10_2247279_2720175 85251 85390 OS_Chr10_2616367_3045941
125 95.00 132894 132967 OG_10_2247279_2720175 85820 85893 OS_Chr10_2616367_3045941
125 87.00 159953 160075 OG_10_2247279_2720175 104964 105076 OS_Chr10_2616367_3045941
125 81.00 85270 85507 OG_10_2247279_2720175 249630 249408 OS_Chr10_2616367_3045941
125 82.00 372552 372859 OG_10_2247279_2720175 352068 352369 OS_Chr10_2616367_3045941
125 85.00 466316 466460 OG_10_2247279_2720175 421846 421702 OS_Chr10_2616367_3045941
123 87.00 394236 394362 OG_10_2247279_2720175 98201 98328 OS_Chr10_2616367_3045941
123 88.00 166729 166845 OG_10_2247279_2720175 152290 152404 OS_Chr10_2616367_3045941
123 79.00 178496 178767 OG_10_2247279_2720175 162990 163281 OS_Chr10_2616367_3045941
123 89.00 243264 243377 OG_10_2247279_2720175 172111 171999 OS_Chr10_2616367_3045941
123 85.00 241115 241269 OG_10_2247279_2720175 208375 208219 OS_Chr10_2616367_3045941
123 90.00 248319 248424 OG_10_2247279_2720175 306846 306950 OS_Chr10_2616367_3045941
121 94.00 363484 363560 OG_10_2247279_2720175 15755 15679 OS_Chr10_2616367_3045941
121 92.00 284048 284140 OG_10_2247279_2720175 58219 58310 OS_Chr10_2616367_3045941
121 84.00 178075 178231 OG_10_2247279_2720175 166518 166674 OS_Chr10_2616367_3045941
121 87.00 1294 1424 OG_10_2247279_2720175 172131 172000 OS_Chr10_2616367_3045941
121 90.00 412688 412783 OG_10_2247279_2720175 230263 230168 OS_Chr10_2616367_3045941
121 82.00 332441 332623 OG_10_2247279_2720175 248676 248847 OS_Chr10_2616367_3045941
121 87.00 238936 239060 OG_10_2247279_2720175 251078 250954 OS_Chr10_2616367_3045941
121 88.00 237240 237355 OG_10_2247279_2720175 252105 251991 OS_Chr10_2616367_3045941
121 81.00 143394 143633 OG_10_2247279_2720175 276581 276355 OS_Chr10_2616367_3045941
121 100.00 372472 372532 OG_10_2247279_2720175 334807 334867 OS_Chr10_2616367_3045941
121 83.00 336142 336317 OG_10_2247279_2720175 383513 383691 OS_Chr10_2616367_3045941
121 88.00 36546 36658 OG_10_2247279_2720175 413754 413642 OS_Chr10_2616367_3045941
121 93.00 418078 418163 OG_10_2247279_2720175 424074 424155 OS_Chr10_2616367_3045941
121 87.00 166712 166839 OG_10_2247279_2720175 426224 426099 OS_Chr10_2616367_3045941
119 94.00 363485 363560 OG_10_2247279_2720175 10105 10030 OS_Chr10_2616367_3045941
119 88.00 84349 84460 OG_10_2247279_2720175 45042 45153 OS_Chr10_2616367_3045941
119 93.00 120009 120088 OG_10_2247279_2720175 70551 70472 OS_Chr10_2616367_3045941
119 93.00 132896 132982 OG_10_2247279_2720175 85744 85829 OS_Chr10_2616367_3045941
119 85.00 243264 243425 OG_10_2247279_2720175 240305 240145 OS_Chr10_2616367_3045941
119 86.00 1286 1424 OG_10_2247279_2720175 240934 241076 OS_Chr10_2616367_3045941
119 88.00 1335 1453 OG_10_2247279_2720175 241283 241164 OS_Chr10_2616367_3045941
119 88.00 237237 237355 OG_10_2247279_2720175 250954 251071 OS_Chr10_2616367_3045941
119 93.00 380026 380105 OG_10_2247279_2720175 350513 350434 OS_Chr10_2616367_3045941
117 83.00 215104 215277 OG_10_2247279_2720175 240366 240191 OS_Chr10_2616367_3045941
117 86.00 451764 451905 OG_10_2247279_2720175 241073 240929 OS_Chr10_2616367_3045941
117 81.00 51747 51952 OG_10_2247279_2720175 276377 276569 OS_Chr10_2616367_3045941
117 81.00 352678 352853 OG_10_2247279_2720175 323983 323796 OS_Chr10_2616367_3045941
117 91.00 359901 359996 OG_10_2247279_2720175 365313 365409 OS_Chr10_2616367_3045941
115 86.00 304972 305097 OG_10_2247279_2720175 43125 43000 OS_Chr10_2616367_3045941
115 86.00 156267 156398 OG_10_2247279_2720175 100357 100480 OS_Chr10_2616367_3045941
115 86.00 146847 146970 OG_10_2247279_2720175 109725 109856 OS_Chr10_2616367_3045941
115 85.00 181653 181760 OG_10_2247279_2720175 166645 166768 OS_Chr10_2616367_3045941
115 87.00 284015 284140 OG_10_2247279_2720175 205914 205790 OS_Chr10_2616367_3045941
115 93.00 248473 248550 OG_10_2247279_2720175 306914 306837 OS_Chr10_2616367_3045941
115 88.00 378132 378248 OG_10_2247279_2720175 373478 373595 OS_Chr10_2616367_3045941
115 94.00 378263 378340 OG_10_2247279_2720175 373666 373742 OS_Chr10_2616367_3045941
113 93.00 125378 125454 OG_10_2247279_2720175 15679 15755 OS_Chr10_2616367_3045941
113 88.00 138984 139092 OG_10_2247279_2720175 82915 83023 OS_Chr10_2616367_3045941
113 94.00 132896 132967 OG_10_2247279_2720175 85900 85971 OS_Chr10_2616367_3045941
113 87.00 166712 166836 OG_10_2247279_2720175 120524 120400 OS_Chr10_2616367_3045941
113 82.00 373961 374195 OG_10_2247279_2720175 144865 145098 OS_Chr10_2616367_3045941
113 86.00 376753 376877 OG_10_2247279_2720175 145792 145916 OS_Chr10_2616367_3045941
113 93.00 248473 248549 OG_10_2247279_2720175 172113 172189 OS_Chr10_2616367_3045941
113 90.00 215165 215250 OG_10_2247279_2720175 210123 210208 OS_Chr10_2616367_3045941
113 95.00 248481 248549 OG_10_2247279_2720175 215205 215137 OS_Chr10_2616367_3045941
113 84.00 334175 334343 OG_10_2247279_2720175 215373 215208 OS_Chr10_2616367_3045941
113 83.00 1293 1473 OG_10_2247279_2720175 240326 240145 OS_Chr10_2616367_3045941
113 88.00 18674 18793 OG_10_2247279_2720175 418624 418743 OS_Chr10_2616367_3045941
111 86.00 50513 50626 OG_10_2247279_2720175 2611 2724 OS_Chr10_2616367_3045941
111 87.00 50520 50626 OG_10_2247279_2720175 2852 2958 OS_Chr10_2616367_3045941
111 93.00 125378 125453 OG_10_2247279_2720175 10030 10105 OS_Chr10_2616367_3045941
111 86.00 84494 84622 OG_10_2247279_2720175 44076 44202 OS_Chr10_2616367_3045941
111 84.00 386586 386729 OG_10_2247279_2720175 306251 306394 OS_Chr10_2616367_3045941
111 81.00 361092 361378 OG_10_2247279_2720175 366423 366712 OS_Chr10_2616367_3045941
111 85.00 178828 178967 OG_10_2247279_2720175 421841 421702 OS_Chr10_2616367_3045941
109 86.00 237234 237355 OG_10_2247279_2720175 59518 59397 OS_Chr10_2616367_3045941
109 93.00 274312 274385 OG_10_2247279_2720175 78762 78835 OS_Chr10_2616367_3045941
109 93.00 132894 132967 OG_10_2247279_2720175 85471 85544 OS_Chr10_2616367_3045941
109 89.00 281739 281840 OG_10_2247279_2720175 99243 99143 OS_Chr10_2616367_3045941
109 92.00 248473 248551 OG_10_2247279_2720175 240960 240882 OS_Chr10_2616367_3045941
109 86.00 166712 166837 OG_10_2247279_2720175 242241 242118 OS_Chr10_2616367_3045941
109 87.00 85124 85243 OG_10_2247279_2720175 249741 249627 OS_Chr10_2616367_3045941
107 83.00 114752 114910 OG_10_2247279_2720175 51220 51384 OS_Chr10_2616367_3045941
107 86.00 275142 275250 OG_10_2247279_2720175 120428 120538 OS_Chr10_2616367_3045941
107 92.00 1335 1412 OG_10_2247279_2720175 210146 210223 OS_Chr10_2616367_3045941
107 83.00 451710 451880 OG_10_2247279_2720175 215375 215208 OS_Chr10_2616367_3045941
107 85.00 451731 451860 OG_10_2247279_2720175 241164 241293 OS_Chr10_2616367_3045941
107 87.00 273805 273916 OG_10_2247279_2720175 306945 306835 OS_Chr10_2616367_3045941
107 85.00 353418 353551 OG_10_2247279_2720175 323209 323076 OS_Chr10_2616367_3045941
107 84.00 140051 140197 OG_10_2247279_2720175 398286 398139 OS_Chr10_2616367_3045941
105 92.00 132903 132978 OG_10_2247279_2720175 85593 85668 OS_Chr10_2616367_3045941
105 84.00 282903 283041 OG_10_2247279_2720175 98374 98236 OS_Chr10_2616367_3045941
105 87.00 451765 451873 OG_10_2247279_2720175 210231 210123 OS_Chr10_2616367_3045941
105 85.00 451764 451883 OG_10_2247279_2720175 284853 284972 OS_Chr10_2616367_3045941
105 93.00 394294 394365 OG_10_2247279_2720175 303781 303710 OS_Chr10_2616367_3045941
105 86.00 276292 276419 OG_10_2247279_2720175 346288 346416 OS_Chr10_2616367_3045941
105 89.00 372392 372485 OG_10_2247279_2720175 366235 366324 OS_Chr10_2616367_3045941
103 89.00 91413 91500 OG_10_2247279_2720175 3258 3345 OS_Chr10_2616367_3045941
103 94.00 309977 310044 OG_10_2247279_2720175 135417 135484 OS_Chr10_2616367_3045941
103 88.00 373987 374086 OG_10_2247279_2720175 145891 145792 OS_Chr10_2616367_3045941
103 85.00 85602 85737 OG_10_2247279_2720175 249199 249067 OS_Chr10_2616367_3045941
103 93.00 132239 132311 OG_10_2247279_2720175 325610 325536 OS_Chr10_2616367_3045941
103 94.00 380026 380093 OG_10_2247279_2720175 333850 333783 OS_Chr10_2616367_3045941
103 87.00 112455 112553 OG_10_2247279_2720175 422491 422393 OS_Chr10_2616367_3045941
101 86.00 102000 102120 OG_10_2247279_2720175 58275 58157 OS_Chr10_2616367_3045941
101 100.00 149830 149880 OG_10_2247279_2720175 103293 103343 OS_Chr10_2616367_3045941
101 100.00 158716 158766 OG_10_2247279_2720175 110512 110562 OS_Chr10_2616367_3045941
101 84.00 151550 151662 OG_10_2247279_2720175 113491 113615 OS_Chr10_2616367_3045941
101 82.00 273731 273912 OG_10_2247279_2720175 304308 304492 OS_Chr10_2616367_3045941
101 88.00 359912 360007 OG_10_2247279_2720175 325608 325699 OS_Chr10_2616367_3045941
101 88.00 355257 355348 OG_10_2247279_2720175 350421 350516 OS_Chr10_2616367_3045941
101 90.00 112467 112553 OG_10_2247279_2720175 367765 367680 OS_Chr10_2616367_3045941
101 92.00 332440 332510 OG_10_2247279_2720175 368608 368538 OS_Chr10_2616367_3045941
101 88.00 37373 37467 OG_10_2247279_2720175 389788 389882 OS_Chr10_2616367_3045941
101 86.00 263383 263487 OG_10_2247279_2720175 403085 403189 OS_Chr10_2616367_3045941
101 89.00 416624 416710 OG_10_2247279_2720175 422005 422091 OS_Chr10_2616367_3045941
101 84.00 85985 86123 OG_10_2247279_2720175 423459 423597 OS_Chr10_2616367_3045941
99 92.00 355183 355259 OG_10_2247279_2720175 84035 83961 OS_Chr10_2616367_3045941
99 88.00 408300 408390 OG_10_2247279_2720175 92505 92411 OS_Chr10_2616367_3045941
99 91.00 47470 47543 OG_10_2247279_2720175 120393 120466 OS_Chr10_2616367_3045941
99 88.00 181555 181648 OG_10_2247279_2720175 131769 131862 OS_Chr10_2616367_3045941
99 84.00 263148 263250 OG_10_2247279_2720175 230245 230143 OS_Chr10_2616367_3045941
99 91.00 47470 47543 OG_10_2247279_2720175 242112 242185 OS_Chr10_2616367_3045941
99 90.00 334199 334275 OG_10_2247279_2720175 307028 306952 OS_Chr10_2616367_3045941
99 86.00 355240 355348 OG_10_2247279_2720175 342658 342776 OS_Chr10_2616367_3045941
99 90.00 377664 377740 OG_10_2247279_2720175 370913 370989 OS_Chr10_2616367_3045941
99 95.00 378177 378238 OG_10_2247279_2720175 373727 373788 OS_Chr10_2616367_3045941
99 91.00 97332 97404 OG_10_2247279_2720175 419852 419924 OS_Chr10_2616367_3045941
97 91.00 132896 132967 OG_10_2247279_2720175 85978 86049 OS_Chr10_2616367_3045941
97 96.00 21645 21699 OG_10_2247279_2720175 112181 112235 OS_Chr10_2616367_3045941
97 96.00 21645 21699 OG_10_2247279_2720175 112236 112182 OS_Chr10_2616367_3045941
97 96.00 21645 21699 OG_10_2247279_2720175 112183 112237 OS_Chr10_2616367_3045941
97 96.00 21645 21699 OG_10_2247279_2720175 112238 112184 OS_Chr10_2616367_3045941
97 96.00 21645 21699 OG_10_2247279_2720175 112185 112239 OS_Chr10_2616367_3045941
97 96.00 21645 21699 OG_10_2247279_2720175 112240 112186 OS_Chr10_2616367_3045941
97 96.00 21645 21699 OG_10_2247279_2720175 112187 112241 OS_Chr10_2616367_3045941
97 96.00 21645 21699 OG_10_2247279_2720175 112242 112188 OS_Chr10_2616367_3045941
97 96.00 21645 21699 OG_10_2247279_2720175 112189 112243 OS_Chr10_2616367_3045941
97 96.00 21645 21699 OG_10_2247279_2720175 112244 112190 OS_Chr10_2616367_3045941
97 96.00 21645 21699 OG_10_2247279_2720175 112191 112245 OS_Chr10_2616367_3045941
97 96.00 21645 21699 OG_10_2247279_2720175 112246 112192 OS_Chr10_2616367_3045941
97 96.00 21645 21699 OG_10_2247279_2720175 112193 112247 OS_Chr10_2616367_3045941
97 96.00 21645 21699 OG_10_2247279_2720175 112248 112194 OS_Chr10_2616367_3045941
97 96.00 21645 21699 OG_10_2247279_2720175 112195 112249 OS_Chr10_2616367_3045941
97 96.00 21645 21699 OG_10_2247279_2720175 112250 112196 OS_Chr10_2616367_3045941
97 96.00 21645 21699 OG_10_2247279_2720175 112197 112251 OS_Chr10_2616367_3045941
97 96.00 21645 21699 OG_10_2247279_2720175 112252 112198 OS_Chr10_2616367_3045941
97 96.00 21645 21699 OG_10_2247279_2720175 112199 112253 OS_Chr10_2616367_3045941
97 96.00 21645 21699 OG_10_2247279_2720175 112254 112200 OS_Chr10_2616367_3045941
97 96.00 21645 21699 OG_10_2247279_2720175 112201 112255 OS_Chr10_2616367_3045941
97 96.00 21645 21699 OG_10_2247279_2720175 112256 112202 OS_Chr10_2616367_3045941
97 96.00 21645 21699 OG_10_2247279_2720175 112203 112257 OS_Chr10_2616367_3045941
97 96.00 21645 21699 OG_10_2247279_2720175 112258 112204 OS_Chr10_2616367_3045941
97 96.00 21645 21699 OG_10_2247279_2720175 112205 112259 OS_Chr10_2616367_3045941
97 96.00 21645 21699 OG_10_2247279_2720175 112260 112206 OS_Chr10_2616367_3045941
97 85.00 275142 275240 OG_10_2247279_2720175 152282 152380 OS_Chr10_2616367_3045941
97 96.00 21645 21699 OG_10_2247279_2720175 162603 162657 OS_Chr10_2616367_3045941
97 96.00 21645 21699 OG_10_2247279_2720175 162658 162604 OS_Chr10_2616367_3045941
97 96.00 21645 21699 OG_10_2247279_2720175 162605 162659 OS_Chr10_2616367_3045941
97 96.00 21645 21699 OG_10_2247279_2720175 162660 162606 OS_Chr10_2616367_3045941
97 96.00 21645 21699 OG_10_2247279_2720175 162607 162661 OS_Chr10_2616367_3045941
97 96.00 21645 21699 OG_10_2247279_2720175 162662 162608 OS_Chr10_2616367_3045941
97 96.00 21645 21699 OG_10_2247279_2720175 162609 162663 OS_Chr10_2616367_3045941
97 96.00 21645 21699 OG_10_2247279_2720175 162664 162610 OS_Chr10_2616367_3045941
97 89.00 314727 314818 OG_10_2247279_2720175 241191 241283 OS_Chr10_2616367_3045941
97 87.00 324050 324153 OG_10_2247279_2720175 277274 277173 OS_Chr10_2616367_3045941
97 80.00 273712 273912 OG_10_2247279_2720175 284837 285039 OS_Chr10_2616367_3045941
97 96.00 371385 371441 OG_10_2247279_2720175 333786 333842 OS_Chr10_2616367_3045941
97 85.00 372624 372755 OG_10_2247279_2720175 335000 335126 OS_Chr10_2616367_3045941
97 96.00 21645 21699 OG_10_2247279_2720175 367493 367439 OS_Chr10_2616367_3045941
97 90.00 433475 433558 OG_10_2247279_2720175 377527 377446 OS_Chr10_2616367_3045941
97 86.00 355824 355928 OG_10_2247279_2720175 397145 397249 OS_Chr10_2616367_3045941
97 88.00 139463 139551 OG_10_2247279_2720175 399052 398964 OS_Chr10_2616367_3045941
95 84.00 120164 120290 OG_10_2247279_2720175 70433 70302 OS_Chr10_2616367_3045941
95 90.00 128379 128458 OG_10_2247279_2720175 80038 79959 OS_Chr10_2616367_3045941
95 96.00 21645 21698 OG_10_2247279_2720175 112234 112181 OS_Chr10_2616367_3045941
95 96.00 21645 21698 OG_10_2247279_2720175 112207 112260 OS_Chr10_2616367_3045941
95 96.00 21645 21698 OG_10_2247279_2720175 162656 162603 OS_Chr10_2616367_3045941
95 96.00 21645 21698 OG_10_2247279_2720175 162611 162664 OS_Chr10_2616367_3045941
95 90.00 270320 270399 OG_10_2247279_2720175 237043 236964 OS_Chr10_2616367_3045941
95 90.00 252443 252518 OG_10_2247279_2720175 276583 276508 OS_Chr10_2616367_3045941
95 92.00 423635 423702 OG_10_2247279_2720175 282541 282474 OS_Chr10_2616367_3045941
95 92.00 414200 414267 OG_10_2247279_2720175 282541 282474 OS_Chr10_2616367_3045941
95 90.00 248473 248548 OG_10_2247279_2720175 284964 285039 OS_Chr10_2616367_3045941
95 92.00 387727 387794 OG_10_2247279_2720175 326401 326468 OS_Chr10_2616367_3045941
95 92.00 387727 387794 OG_10_2247279_2720175 343441 343508 OS_Chr10_2616367_3045941
95 96.00 410697 410752 OG_10_2247279_2720175 351060 351005 OS_Chr10_2616367_3045941
95 98.00 21649 21699 OG_10_2247279_2720175 367438 367488 OS_Chr10_2616367_3045941
95 98.00 21649 21699 OG_10_2247279_2720175 391724 391774 OS_Chr10_2616367_3045941
95 98.00 21649 21699 OG_10_2247279_2720175 391775 391725 OS_Chr10_2616367_3045941
95 94.00 407483 407552 OG_10_2247279_2720175 400387 400316 OS_Chr10_2616367_3045941
93 93.00 333654 333716 OG_10_2247279_2720175 98328 98266 OS_Chr10_2616367_3045941
93 98.00 157050 157100 OG_10_2247279_2720175 112253 112303 OS_Chr10_2616367_3045941
93 98.00 47549 47599 OG_10_2247279_2720175 120496 120546 OS_Chr10_2616367_3045941
93 82.00 241354 241510 OG_10_2247279_2720175 208135 207981 OS_Chr10_2616367_3045941
93 89.00 407146 407224 OG_10_2247279_2720175 282463 282541 OS_Chr10_2616367_3045941
93 94.00 355290 355348 OG_10_2247279_2720175 333795 333853 OS_Chr10_2616367_3045941
93 98.00 372418 372468 OG_10_2247279_2720175 351864 351914 OS_Chr10_2616367_3045941
93 98.00 21649 21698 OG_10_2247279_2720175 367487 367438 OS_Chr10_2616367_3045941
93 98.00 21649 21698 OG_10_2247279_2720175 367440 367489 OS_Chr10_2616367_3045941
93 88.00 356040 356126 OG_10_2247279_2720175 384672 384758 OS_Chr10_2616367_3045941
93 89.00 423612 423694 OG_10_2247279_2720175 384776 384694 OS_Chr10_2616367_3045941
93 98.00 21649 21698 OG_10_2247279_2720175 391773 391724 OS_Chr10_2616367_3045941
93 98.00 21649 21698 OG_10_2247279_2720175 391726 391775 OS_Chr10_2616367_3045941
93 90.00 392733 392806 OG_10_2247279_2720175 392653 392729 OS_Chr10_2616367_3045941
93 86.00 51866 51963 OG_10_2247279_2720175 396211 396114 OS_Chr10_2616367_3045941
93 89.00 387730 387812 OG_10_2247279_2720175 415442 415360 OS_Chr10_2616367_3045941
93 85.00 166712 166833 OG_10_2247279_2720175 426121 426240 OS_Chr10_2616367_3045941
91 96.00 83721 83774 OG_10_2247279_2720175 42854 42907 OS_Chr10_2616367_3045941
91 96.00 18948 19001 OG_10_2247279_2720175 71815 71868 OS_Chr10_2616367_3045941
91 100.00 47476 47521 OG_10_2247279_2720175 120544 120499 OS_Chr10_2616367_3045941
91 91.00 1400 1472 OG_10_2247279_2720175 194039 193966 OS_Chr10_2616367_3045941
91 85.00 102000 102116 OG_10_2247279_2720175 204678 204563 OS_Chr10_2616367_3045941
91 84.00 102000 102120 OG_10_2247279_2720175 205825 205942 OS_Chr10_2616367_3045941
91 89.00 412698 412774 OG_10_2247279_2720175 229865 229941 OS_Chr10_2616367_3045941
91 89.00 248473 248550 OG_10_2247279_2720175 240307 240384 OS_Chr10_2616367_3045941
91 93.00 356371 356432 OG_10_2247279_2720175 366354 366415 OS_Chr10_2616367_3045941
91 96.00 21645 21696 OG_10_2247279_2720175 367438 367489 OS_Chr10_2616367_3045941
91 96.00 21645 21696 OG_10_2247279_2720175 367489 367438 OS_Chr10_2616367_3045941
91 96.00 21645 21696 OG_10_2247279_2720175 367456 367507 OS_Chr10_2616367_3045941
91 96.00 21645 21696 OG_10_2247279_2720175 391724 391775 OS_Chr10_2616367_3045941
91 96.00 21645 21696 OG_10_2247279_2720175 391775 391724 OS_Chr10_2616367_3045941
91 94.00 43849 43905 OG_10_2247279_2720175 392505 392561 OS_Chr10_2616367_3045941
91 87.00 252587 252686 OG_10_2247279_2720175 396211 396111 OS_Chr10_2616367_3045941
91 93.00 413867 413938 OG_10_2247279_2720175 400314 400387 OS_Chr10_2616367_3045941
89 97.00 189230 189278 OG_10_2247279_2720175 168858 168906 OS_Chr10_2616367_3045941
89 88.00 83630 83710 OG_10_2247279_2720175 219658 219738 OS_Chr10_2616367_3045941
89 89.00 187140 187216 OG_10_2247279_2720175 234138 234214 OS_Chr10_2616367_3045941
89 90.00 273674 273749 OG_10_2247279_2720175 240884 240958 OS_Chr10_2616367_3045941
89 84.00 306651 306767 OG_10_2247279_2720175 294520 294404 OS_Chr10_2616367_3045941
89 85.00 314806 314918 OG_10_2247279_2720175 306950 306839 OS_Chr10_2616367_3045941
89 86.00 215104 215200 OG_10_2247279_2720175 306855 306950 OS_Chr10_2616367_3045941
89 92.00 243325 243389 OG_10_2247279_2720175 306952 307016 OS_Chr10_2616367_3045941
89 94.00 21645 21699 OG_10_2247279_2720175 367440 367494 OS_Chr10_2616367_3045941
89 94.00 21645 21699 OG_10_2247279_2720175 367442 367496 OS_Chr10_2616367_3045941
89 94.00 21645 21699 OG_10_2247279_2720175 367497 367443 OS_Chr10_2616367_3045941
89 94.00 21645 21699 OG_10_2247279_2720175 367444 367498 OS_Chr10_2616367_3045941
89 94.00 21645 21699 OG_10_2247279_2720175 367499 367445 OS_Chr10_2616367_3045941
89 94.00 21645 21699 OG_10_2247279_2720175 367446 367500 OS_Chr10_2616367_3045941
89 94.00 21645 21699 OG_10_2247279_2720175 367501 367447 OS_Chr10_2616367_3045941
89 94.00 21645 21699 OG_10_2247279_2720175 367448 367502 OS_Chr10_2616367_3045941
89 94.00 21645 21699 OG_10_2247279_2720175 367503 367449 OS_Chr10_2616367_3045941
89 94.00 21645 21699 OG_10_2247279_2720175 367450 367504 OS_Chr10_2616367_3045941
89 94.00 21645 21699 OG_10_2247279_2720175 367505 367451 OS_Chr10_2616367_3045941
89 94.00 21645 21699 OG_10_2247279_2720175 367452 367506 OS_Chr10_2616367_3045941
89 94.00 21645 21699 OG_10_2247279_2720175 367507 367453 OS_Chr10_2616367_3045941
89 94.00 21645 21699 OG_10_2247279_2720175 367511 367457 OS_Chr10_2616367_3045941
89 93.00 410158 410230 OG_10_2247279_2720175 404144 404214 OS_Chr10_2616367_3045941
89 85.00 355824 355928 OG_10_2247279_2720175 415684 415580 OS_Chr10_2616367_3045941
89 85.00 470188 470305 OG_10_2247279_2720175 419915 419794 OS_Chr10_2616367_3045941
89 82.00 275134 275250 OG_10_2247279_2720175 426122 426238 OS_Chr10_2616367_3045941
87 92.00 132896 132959 OG_10_2247279_2720175 86056 86119 OS_Chr10_2616367_3045941
87 91.00 243014 243081 OG_10_2247279_2720175 135417 135484 OS_Chr10_2616367_3045941
87 94.00 135059 135114 OG_10_2247279_2720175 135484 135429 OS_Chr10_2616367_3045941
87 94.00 100321 100376 OG_10_2247279_2720175 135484 135429 OS_Chr10_2616367_3045941
87 86.00 330638 330736 OG_10_2247279_2720175 152398 152302 OS_Chr10_2616367_3045941
87 97.00 21650 21696 OG_10_2247279_2720175 173403 173449 OS_Chr10_2616367_3045941
87 97.00 21652 21698 OG_10_2247279_2720175 173403 173449 OS_Chr10_2616367_3045941
87 97.00 21653 21699 OG_10_2247279_2720175 173449 173403 OS_Chr10_2616367_3045941
87 97.00 21651 21697 OG_10_2247279_2720175 173449 173403 OS_Chr10_2616367_3045941
87 97.00 21649 21695 OG_10_2247279_2720175 173449 173403 OS_Chr10_2616367_3045941
87 94.00 238704 238758 OG_10_2247279_2720175 205404 205458 OS_Chr10_2616367_3045941
87 86.00 334221 334315 OG_10_2247279_2720175 241191 241285 OS_Chr10_2616367_3045941
87 90.00 47470 47541 OG_10_2247279_2720175 242267 242196 OS_Chr10_2616367_3045941
87 86.00 324048 324162 OG_10_2247279_2720175 276814 276925 OS_Chr10_2616367_3045941
87 91.00 372685 372755 OG_10_2247279_2720175 327541 327612 OS_Chr10_2616367_3045941
87 97.00 372483 372530 OG_10_2247279_2720175 343757 343804 OS_Chr10_2616367_3045941
87 94.00 410697 410752 OG_10_2247279_2720175 365935 365880 OS_Chr10_2616367_3045941
87 94.00 21645 21698 OG_10_2247279_2720175 367454 367507 OS_Chr10_2616367_3045941
87 94.00 410697 410752 OG_10_2247279_2720175 374865 374920 OS_Chr10_2616367_3045941
87 91.00 312348 312415 OG_10_2247279_2720175 397378 397445 OS_Chr10_2616367_3045941
87 93.00 410159 410230 OG_10_2247279_2720175 397780 397711 OS_Chr10_2616367_3045941
87 100.00 452391 452434 OG_10_2247279_2720175 408439 408482 OS_Chr10_2616367_3045941
87 87.00 454844 454931 OG_10_2247279_2720175 414883 414970 OS_Chr10_2616367_3045941
87 91.00 360667 360734 OG_10_2247279_2720175 415461 415394 OS_Chr10_2616367_3045941
87 100.00 312348 312391 OG_10_2247279_2720175 415450 415407 OS_Chr10_2616367_3045941
87 85.00 10182 10300 OG_10_2247279_2720175 418624 418742 OS_Chr10_2616367_3045941
87 97.00 21649 21695 OG_10_2247279_2720175 424244 424290 OS_Chr10_2616367_3045941
87 97.00 21651 21697 OG_10_2247279_2720175 424244 424290 OS_Chr10_2616367_3045941
87 97.00 21653 21699 OG_10_2247279_2720175 424244 424290 OS_Chr10_2616367_3045941
87 97.00 21652 21698 OG_10_2247279_2720175 424290 424244 OS_Chr10_2616367_3045941
87 97.00 21650 21696 OG_10_2247279_2720175 424290 424244 OS_Chr10_2616367_3045941
87 90.00 47470 47541 OG_10_2247279_2720175 426095 426166 OS_Chr10_2616367_3045941
85 85.00 131194 131299 OG_10_2247279_2720175 91459 91567 OS_Chr10_2616367_3045941
85 88.00 404613 404691 OG_10_2247279_2720175 99166 99244 OS_Chr10_2616367_3045941
85 82.00 156771 156927 OG_10_2247279_2720175 100780 100933 OS_Chr10_2616367_3045941
85 83.00 158716 158853 OG_10_2247279_2720175 104949 105076 OS_Chr10_2616367_3045941
85 97.00 21654 21699 OG_10_2247279_2720175 173403 173448 OS_Chr10_2616367_3045941
85 97.00 21649 21694 OG_10_2247279_2720175 173404 173449 OS_Chr10_2616367_3045941
85 86.00 1294 1394 OG_10_2247279_2720175 215195 215296 OS_Chr10_2616367_3045941
85 85.00 281739 281840 OG_10_2247279_2720175 302492 302593 OS_Chr10_2616367_3045941
85 89.00 371357 371441 OG_10_2247279_2720175 325608 325688 OS_Chr10_2616367_3045941
85 94.00 372478 372532 OG_10_2247279_2720175 327298 327352 OS_Chr10_2616367_3045941
85 90.00 44282 44355 OG_10_2247279_2720175 329205 329131 OS_Chr10_2616367_3045941
85 83.00 99987 100102 OG_10_2247279_2720175 357038 356917 OS_Chr10_2616367_3045941
85 87.00 281739 281825 OG_10_2247279_2720175 368607 368521 OS_Chr10_2616367_3045941
85 92.00 379302 379364 OG_10_2247279_2720175 384753 384691 OS_Chr10_2616367_3045941
85 87.00 414177 414259 OG_10_2247279_2720175 384776 384694 OS_Chr10_2616367_3045941
85 87.00 407165 407247 OG_10_2247279_2720175 384694 384776 OS_Chr10_2616367_3045941
85 94.00 379486 379540 OG_10_2247279_2720175 397250 397196 OS_Chr10_2616367_3045941
85 94.00 355875 355929 OG_10_2247279_2720175 400927 400873 OS_Chr10_2616367_3045941
85 94.00 379487 379541 OG_10_2247279_2720175 400874 400928 OS_Chr10_2616367_3045941
85 89.00 412897 412979 OG_10_2247279_2720175 402954 402873 OS_Chr10_2616367_3045941
85 82.00 263140 263251 OG_10_2247279_2720175 402876 402987 OS_Chr10_2616367_3045941
85 82.00 452592 452737 OG_10_2247279_2720175 408566 408709 OS_Chr10_2616367_3045941
85 88.00 379302 379380 OG_10_2247279_2720175 415383 415461 OS_Chr10_2616367_3045941
85 82.00 282905 283060 OG_10_2247279_2720175 422553 422406 OS_Chr10_2616367_3045941
85 92.00 333654 333716 OG_10_2247279_2720175 422516 422454 OS_Chr10_2616367_3045941
85 97.00 21649 21694 OG_10_2247279_2720175 424289 424244 OS_Chr10_2616367_3045941
85 97.00 21654 21699 OG_10_2247279_2720175 424290 424245 OS_Chr10_2616367_3045941
85 86.00 330632 330733 OG_10_2247279_2720175 426093 426192 OS_Chr10_2616367_3045941
83 96.00 114048 114097 OG_10_2247279_2720175 2387 2436 OS_Chr10_2616367_3045941
83 84.00 99987 100100 OG_10_2247279_2720175 59539 59426 OS_Chr10_2616367_3045941
83 96.00 18952 19001 OG_10_2247279_2720175 70352 70303 OS_Chr10_2616367_3045941
83 100.00 132896 132937 OG_10_2247279_2720175 85551 85592 OS_Chr10_2616367_3045941
83 87.00 191551 191636 OG_10_2247279_2720175 118257 118172 OS_Chr10_2616367_3045941
83 96.00 47547 47596 OG_10_2247279_2720175 120449 120400 OS_Chr10_2616367_3045941
83 86.00 41784 41896 OG_10_2247279_2720175 149292 149181 OS_Chr10_2616367_3045941
83 91.00 257694 257755 OG_10_2247279_2720175 152569 152508 OS_Chr10_2616367_3045941
83 82.00 246176 246309 OG_10_2247279_2720175 179906 179773 OS_Chr10_2616367_3045941
83 93.00 215088 215147 OG_10_2247279_2720175 194201 194141 OS_Chr10_2616367_3045941
83 96.00 238708 238757 OG_10_2247279_2720175 204971 204922 OS_Chr10_2616367_3045941
83 82.00 200963 201096 OG_10_2247279_2720175 213161 213028 OS_Chr10_2616367_3045941
83 86.00 60629 60721 OG_10_2247279_2720175 235763 235671 OS_Chr10_2616367_3045941
83 90.00 215187 215251 OG_10_2247279_2720175 241284 241220 OS_Chr10_2616367_3045941
83 89.00 102014 102086 OG_10_2247279_2720175 252033 252105 OS_Chr10_2616367_3045941
83 84.00 307208 307313 OG_10_2247279_2720175 276786 276681 OS_Chr10_2616367_3045941
83 90.00 85965 86030 OG_10_2247279_2720175 302669 302604 OS_Chr10_2616367_3045941
83 91.00 334301 334368 OG_10_2247279_2720175 306950 306885 OS_Chr10_2616367_3045941
83 96.00 248499 248548 OG_10_2247279_2720175 307028 307077 OS_Chr10_2616367_3045941
83 86.00 360949 361051 OG_10_2247279_2720175 334766 334861 OS_Chr10_2616367_3045941
83 87.00 306363 306448 OG_10_2247279_2720175 396351 396266 OS_Chr10_2616367_3045941
83 88.00 252610 252687 OG_10_2247279_2720175 396278 396355 OS_Chr10_2616367_3045941
83 89.00 387722 387795 OG_10_2247279_2720175 400711 400638 OS_Chr10_2616367_3045941
83 97.00 36610 36655 OG_10_2247279_2720175 413911 413956 OS_Chr10_2616367_3045941
83 85.00 332440 332537 OG_10_2247279_2720175 423606 423509 OS_Chr10_2616367_3045941
81 85.00 188071 188181 OG_10_2247279_2720175 167136 167245 OS_Chr10_2616367_3045941
81 95.00 21645 21691 OG_10_2247279_2720175 173449 173403 OS_Chr10_2616367_3045941
81 88.00 270481 270560 OG_10_2247279_2720175 236882 236802 OS_Chr10_2616367_3045941
81 90.00 334175 334239 OG_10_2247279_2720175 240382 240318 OS_Chr10_2616367_3045941
81 86.00 252493 252585 OG_10_2247279_2720175 241973 241881 OS_Chr10_2616367_3045941
81 92.00 47546 47602 OG_10_2247279_2720175 242210 242266 OS_Chr10_2616367_3045941
81 89.00 230491 230563 OG_10_2247279_2720175 249893 249965 OS_Chr10_2616367_3045941
81 87.00 314678 314758 OG_10_2247279_2720175 285042 284962 OS_Chr10_2616367_3045941
81 87.00 470225 470316 OG_10_2247279_2720175 301048 301140 OS_Chr10_2616367_3045941
81 89.00 273700 273773 OG_10_2247279_2720175 307027 306955 OS_Chr10_2616367_3045941
81 87.00 423633 423713 OG_10_2247279_2720175 326465 326385 OS_Chr10_2616367_3045941
81 87.00 414198 414278 OG_10_2247279_2720175 326465 326385 OS_Chr10_2616367_3045941
81 87.00 423633 423713 OG_10_2247279_2720175 343505 343425 OS_Chr10_2616367_3045941
81 87.00 414198 414278 OG_10_2247279_2720175 343505 343425 OS_Chr10_2616367_3045941
81 84.00 414632 414736 OG_10_2247279_2720175 365934 365830 OS_Chr10_2616367_3045941
81 94.00 406976 407028 OG_10_2247279_2720175 365882 365934 OS_Chr10_2616367_3045941
81 92.00 21645 21699 OG_10_2247279_2720175 367458 367512 OS_Chr10_2616367_3045941
81 92.00 21645 21699 OG_10_2247279_2720175 367460 367514 OS_Chr10_2616367_3045941
81 92.00 21645 21699 OG_10_2247279_2720175 367515 367461 OS_Chr10_2616367_3045941
81 92.00 21645 21699 OG_10_2247279_2720175 367462 367516 OS_Chr10_2616367_3045941
81 92.00 21645 21699 OG_10_2247279_2720175 367517 367463 OS_Chr10_2616367_3045941
81 92.00 21645 21699 OG_10_2247279_2720175 367521 367467 OS_Chr10_2616367_3045941
81 94.00 406976 407028 OG_10_2247279_2720175 374918 374866 OS_Chr10_2616367_3045941
81 88.00 143408 143491 OG_10_2247279_2720175 396127 396211 OS_Chr10_2616367_3045941
81 84.00 355824 355928 OG_10_2247279_2720175 405011 404907 OS_Chr10_2616367_3045941
81 85.00 467094 467191 OG_10_2247279_2720175 413932 413839 OS_Chr10_2616367_3045941
81 91.00 379480 379540 OG_10_2247279_2720175 415573 415633 OS_Chr10_2616367_3045941
81 92.00 215099 215154 OG_10_2247279_2720175 422221 422276 OS_Chr10_2616367_3045941
81 85.00 281739 281835 OG_10_2247279_2720175 423605 423509 OS_Chr10_2616367_3045941
81 95.00 21645 21691 OG_10_2247279_2720175 424244 424290 OS_Chr10_2616367_3045941
81 89.00 47471 47543 OG_10_2247279_2720175 426249 426177 OS_Chr10_2616367_3045941
79 90.00 306363 306434 OG_10_2247279_2720175 95863 95933 OS_Chr10_2616367_3045941
79 89.00 20024 20091 OG_10_2247279_2720175 135484 135417 OS_Chr10_2616367_3045941
79 92.00 131688 131743 OG_10_2247279_2720175 135484 135429 OS_Chr10_2616367_3045941
79 95.00 21645 21690 OG_10_2247279_2720175 173404 173449 OS_Chr10_2616367_3045941
79 88.00 306516 306591 OG_10_2247279_2720175 219350 219275 OS_Chr10_2616367_3045941
79 92.00 47547 47602 OG_10_2247279_2720175 242168 242113 OS_Chr10_2616367_3045941
79 93.00 332560 332618 OG_10_2247279_2720175 249836 249895 OS_Chr10_2616367_3045941
79 89.00 306363 306430 OG_10_2247279_2720175 276580 276513 OS_Chr10_2616367_3045941
79 92.00 355867 355922 OG_10_2247279_2720175 282108 282163 OS_Chr10_2616367_3045941
79 91.00 469296 469355 OG_10_2247279_2720175 298694 298635 OS_Chr10_2616367_3045941
79 89.00 314706 314780 OG_10_2247279_2720175 307027 306952 OS_Chr10_2616367_3045941
79 92.00 410697 410752 OG_10_2247279_2720175 334397 334342 OS_Chr10_2616367_3045941
79 90.00 387731 387794 OG_10_2247279_2720175 351186 351249 OS_Chr10_2616367_3045941
79 92.00 21645 21698 OG_10_2247279_2720175 367464 367517 OS_Chr10_2616367_3045941
79 88.00 359907 359988 OG_10_2247279_2720175 375501 375419 OS_Chr10_2616367_3045941
79 88.00 406763 406838 OG_10_2247279_2720175 383423 383498 OS_Chr10_2616367_3045941
79 95.00 126532 126579 OG_10_2247279_2720175 392642 392595 OS_Chr10_2616367_3045941
79 92.00 126371 126426 OG_10_2247279_2720175 392654 392599 OS_Chr10_2616367_3045941
79 92.00 371910 371965 OG_10_2247279_2720175 400928 400873 OS_Chr10_2616367_3045941
79 92.00 360507 360562 OG_10_2247279_2720175 400928 400873 OS_Chr10_2616367_3045941
79 83.00 386425 386536 OG_10_2247279_2720175 401175 401064 OS_Chr10_2616367_3045941
79 87.00 412695 412776 OG_10_2247279_2720175 403264 403182 OS_Chr10_2616367_3045941
79 97.00 312348 312391 OG_10_2247279_2720175 404540 404497 OS_Chr10_2616367_3045941
79 93.00 450916 450975 OG_10_2247279_2720175 406608 406666 OS_Chr10_2616367_3045941
79 92.00 336812 336867 OG_10_2247279_2720175 415440 415385 OS_Chr10_2616367_3045941
79 95.00 21645 21690 OG_10_2247279_2720175 424289 424244 OS_Chr10_2616367_3045941
77 89.00 9655 9728 OG_10_2247279_2720175 30426 30500 OS_Chr10_2616367_3045941
77 89.00 18147 18220 OG_10_2247279_2720175 30426 30500 OS_Chr10_2616367_3045941
77 90.00 133592 133654 OG_10_2247279_2720175 85249 85311 OS_Chr10_2616367_3045941
77 91.00 130769 130831 OG_10_2247279_2720175 91062 91129 OS_Chr10_2616367_3045941
77 92.00 51736 51798 OG_10_2247279_2720175 95874 95935 OS_Chr10_2616367_3045941
77 90.00 248329 248399 OG_10_2247279_2720175 95880 95949 OS_Chr10_2616367_3045941
77 93.00 102585 102642 OG_10_2247279_2720175 98374 98316 OS_Chr10_2616367_3045941
77 86.00 86035 86125 OG_10_2247279_2720175 99148 99237 OS_Chr10_2616367_3045941
77 83.00 159623 159737 OG_10_2247279_2720175 100742 100856 OS_Chr10_2616367_3045941
77 84.00 171509 171611 OG_10_2247279_2720175 166521 166623 OS_Chr10_2616367_3045941
77 94.00 131796 131846 OG_10_2247279_2720175 209823 209773 OS_Chr10_2616367_3045941
77 82.00 273712 273832 OG_10_2247279_2720175 210248 210126 OS_Chr10_2616367_3045941
77 88.00 252611 252685 OG_10_2247279_2720175 219350 219276 OS_Chr10_2616367_3045941
77 87.00 334175 334248 OG_10_2247279_2720175 240885 240958 OS_Chr10_2616367_3045941
77 82.00 394235 394362 OG_10_2247279_2720175 250011 249883 OS_Chr10_2616367_3045941
77 86.00 306804 306898 OG_10_2247279_2720175 294065 294162 OS_Chr10_2616367_3045941
77 89.00 342453 342527 OG_10_2247279_2720175 312644 312571 OS_Chr10_2616367_3045941
77 89.00 342250 342323 OG_10_2247279_2720175 312848 312774 OS_Chr10_2616367_3045941
77 89.00 387728 387794 OG_10_2247279_2720175 334527 334593 OS_Chr10_2616367_3045941
77 88.00 355257 355337 OG_10_2247279_2720175 365324 365409 OS_Chr10_2616367_3045941
77 94.00 373625 373675 OG_10_2247279_2720175 367619 367669 OS_Chr10_2616367_3045941
77 90.00 387727 387789 OG_10_2247279_2720175 374743 374681 OS_Chr10_2616367_3045941
77 92.00 372102 372156 OG_10_2247279_2720175 384691 384745 OS_Chr10_2616367_3045941
77 80.00 360365 360561 OG_10_2247279_2720175 397062 397249 OS_Chr10_2616367_3045941
77 85.00 371870 371964 OG_10_2247279_2720175 397155 397249 OS_Chr10_2616367_3045941
77 86.00 387730 387812 OG_10_2247279_2720175 397386 397468 OS_Chr10_2616367_3045941
77 86.00 387730 387812 OG_10_2247279_2720175 404532 404450 OS_Chr10_2616367_3045941
77 88.00 372086 372156 OG_10_2247279_2720175 415461 415391 OS_Chr10_2616367_3045941
75 95.00 102419 102464 OG_10_2247279_2720175 57371 57416 OS_Chr10_2616367_3045941
75 88.00 128220 128288 OG_10_2247279_2720175 80197 80129 OS_Chr10_2616367_3045941
75 84.00 267534 267631 OG_10_2247279_2720175 119157 119060 OS_Chr10_2616367_3045941
75 97.00 10217 10258 OG_10_2247279_2720175 261673 261714 OS_Chr10_2616367_3045941
75 97.00 18709 18750 OG_10_2247279_2720175 261673 261714 OS_Chr10_2616367_3045941
75 83.00 306671 306776 OG_10_2247279_2720175 277441 277336 OS_Chr10_2616367_3045941
75 90.00 410492 410553 OG_10_2247279_2720175 282517 282456 OS_Chr10_2616367_3045941
75 86.00 387708 387789 OG_10_2247279_2720175 282460 282541 OS_Chr10_2616367_3045941
75 94.00 404641 404690 OG_10_2247279_2720175 302541 302492 OS_Chr10_2616367_3045941
75 95.00 372710 372755 OG_10_2247279_2720175 344020 344065 OS_Chr10_2616367_3045941
75 92.00 423836 423889 OG_10_2247279_2720175 351059 351006 OS_Chr10_2616367_3045941
75 97.00 21660 21700 OG_10_2247279_2720175 357821 357861 OS_Chr10_2616367_3045941
75 92.00 423836 423889 OG_10_2247279_2720175 365934 365881 OS_Chr10_2616367_3045941
75 92.00 21645 21696 OG_10_2247279_2720175 367474 367525 OS_Chr10_2616367_3045941
75 86.00 394236 394324 OG_10_2247279_2720175 367677 367764 OS_Chr10_2616367_3045941
75 92.00 423836 423889 OG_10_2247279_2720175 374866 374919 OS_Chr10_2616367_3045941
75 89.00 360667 360732 OG_10_2247279_2720175 397367 397432 OS_Chr10_2616367_3045941
75 90.00 312330 312391 OG_10_2247279_2720175 400729 400668 OS_Chr10_2616367_3045941
75 89.00 360667 360732 OG_10_2247279_2720175 404551 404486 OS_Chr10_2616367_3045941
75 84.00 371863 371964 OG_10_2247279_2720175 405008 404907 OS_Chr10_2616367_3045941
75 86.00 453769 453866 OG_10_2247279_2720175 413969 414064 OS_Chr10_2616367_3045941
75 92.00 47549 47602 OG_10_2247279_2720175 426196 426249 OS_Chr10_2616367_3045941
73 92.00 281739 281791 OG_10_2247279_2720175 57370 57318 OS_Chr10_2616367_3045941
73 92.00 5371 5423 OG_10_2247279_2720175 70304 70356 OS_Chr10_2616367_3045941
73 86.00 447385 447465 OG_10_2247279_2720175 77060 77140 OS_Chr10_2616367_3045941
73 86.00 93598 93685 OG_10_2247279_2720175 77684 77772 OS_Chr10_2616367_3045941
73 87.00 252611 252683 OG_10_2247279_2720175 96029 96101 OS_Chr10_2616367_3045941
73 95.00 159049 159093 OG_10_2247279_2720175 109201 109245 OS_Chr10_2616367_3045941
73 95.00 155744 155788 OG_10_2247279_2720175 112586 112630 OS_Chr10_2616367_3045941
73 84.00 447353 447449 OG_10_2247279_2720175 139437 139533 OS_Chr10_2616367_3045941
73 88.00 273675 273749 OG_10_2247279_2720175 193966 194039 OS_Chr10_2616367_3045941
73 88.00 248319 248387 OG_10_2247279_2720175 215366 215298 OS_Chr10_2616367_3045941
73 89.00 248321 248385 OG_10_2247279_2720175 241116 241052 OS_Chr10_2616367_3045941
73 90.00 275191 275250 OG_10_2247279_2720175 242183 242124 OS_Chr10_2616367_3045941
73 97.00 102585 102625 OG_10_2247279_2720175 249837 249877 OS_Chr10_2616367_3045941
73 85.00 102000 102087 OG_10_2247279_2720175 251043 250956 OS_Chr10_2616367_3045941
73 88.00 47471 47539 OG_10_2247279_2720175 300815 300747 OS_Chr10_2616367_3045941
73 93.00 248475 248523 OG_10_2247279_2720175 306979 307027 OS_Chr10_2616367_3045941
73 92.00 414632 414684 OG_10_2247279_2720175 326279 326227 OS_Chr10_2616367_3045941
73 85.00 407146 407230 OG_10_2247279_2720175 326385 326469 OS_Chr10_2616367_3045941
73 92.00 406976 407028 OG_10_2247279_2720175 334344 334396 OS_Chr10_2616367_3045941
73 92.00 414632 414684 OG_10_2247279_2720175 343319 343267 OS_Chr10_2616367_3045941
73 85.00 407146 407230 OG_10_2247279_2720175 343425 343509 OS_Chr10_2616367_3045941
73 83.00 414632 414736 OG_10_2247279_2720175 351059 350955 OS_Chr10_2616367_3045941
73 92.00 406976 407028 OG_10_2247279_2720175 351007 351059 OS_Chr10_2616367_3045941
73 97.00 21650 21689 OG_10_2247279_2720175 357821 357860 OS_Chr10_2616367_3045941
73 97.00 21652 21691 OG_10_2247279_2720175 357821 357860 OS_Chr10_2616367_3045941
73 97.00 21654 21693 OG_10_2247279_2720175 357821 357860 OS_Chr10_2616367_3045941
73 97.00 21656 21695 OG_10_2247279_2720175 357821 357860 OS_Chr10_2616367_3045941
73 97.00 21658 21697 OG_10_2247279_2720175 357821 357860 OS_Chr10_2616367_3045941
73 97.00 21660 21699 OG_10_2247279_2720175 357860 357821 OS_Chr10_2616367_3045941
73 97.00 21658 21697 OG_10_2247279_2720175 357860 357821 OS_Chr10_2616367_3045941
73 97.00 21656 21695 OG_10_2247279_2720175 357860 357821 OS_Chr10_2616367_3045941
73 97.00 21654 21693 OG_10_2247279_2720175 357860 357821 OS_Chr10_2616367_3045941
73 97.00 21652 21691 OG_10_2247279_2720175 357860 357821 OS_Chr10_2616367_3045941
73 97.00 21650 21689 OG_10_2247279_2720175 357860 357821 OS_Chr10_2616367_3045941
73 90.00 21645 21699 OG_10_2247279_2720175 367468 367522 OS_Chr10_2616367_3045941
73 90.00 21645 21699 OG_10_2247279_2720175 367470 367524 OS_Chr10_2616367_3045941
73 90.00 21645 21699 OG_10_2247279_2720175 367525 367471 OS_Chr10_2616367_3045941
73 90.00 21645 21699 OG_10_2247279_2720175 367529 367475 OS_Chr10_2616367_3045941
73 90.00 21645 21699 OG_10_2247279_2720175 367492 367546 OS_Chr10_2616367_3045941
73 81.00 379493 379671 OG_10_2247279_2720175 383691 383513 OS_Chr10_2616367_3045941
73 93.00 360686 360734 OG_10_2247279_2720175 384694 384742 OS_Chr10_2616367_3045941
73 87.00 360662 360734 OG_10_2247279_2720175 400727 400655 OS_Chr10_2616367_3045941
73 86.00 356043 356123 OG_10_2247279_2720175 415461 415381 OS_Chr10_2616367_3045941
73 91.00 47546 47602 OG_10_2247279_2720175 426152 426096 OS_Chr10_2616367_3045941
71 84.00 124478 124586 OG_10_2247279_2720175 9151 9261 OS_Chr10_2616367_3045941
71 84.00 124478 124586 OG_10_2247279_2720175 14800 14910 OS_Chr10_2616367_3045941
71 82.00 394236 394365 OG_10_2247279_2720175 56428 56556 OS_Chr10_2616367_3045941
71 91.00 332441 332496 OG_10_2247279_2720175 57370 57315 OS_Chr10_2616367_3045941
71 87.00 206412 206483 OG_10_2247279_2720175 68735 68806 OS_Chr10_2616367_3045941
71 91.00 332561 332619 OG_10_2247279_2720175 98374 98315 OS_Chr10_2616367_3045941
71 84.00 181558 181649 OG_10_2247279_2720175 125211 125302 OS_Chr10_2616367_3045941
71 82.00 166712 166838 OG_10_2247279_2720175 152376 152252 OS_Chr10_2616367_3045941
71 88.00 47474 47541 OG_10_2247279_2720175 152398 152331 OS_Chr10_2616367_3045941
71 97.00 143442 143481 OG_10_2247279_2720175 172140 172101 OS_Chr10_2616367_3045941
71 87.00 117114 117185 OG_10_2247279_2720175 185382 185453 OS_Chr10_2616367_3045941
71 84.00 284018 284140 OG_10_2247279_2720175 204591 204712 OS_Chr10_2616367_3045941
71 88.00 143561 143628 OG_10_2247279_2720175 219443 219510 OS_Chr10_2616367_3045941
71 88.00 252451 252518 OG_10_2247279_2720175 219510 219443 OS_Chr10_2616367_3045941
71 93.00 306408 306455 OG_10_2247279_2720175 236997 236950 OS_Chr10_2616367_3045941
71 86.00 273835 273913 OG_10_2247279_2720175 240223 240145 OS_Chr10_2616367_3045941
71 84.00 248402 248502 OG_10_2247279_2720175 241293 241191 OS_Chr10_2616367_3045941
71 85.00 100013 100112 OG_10_2247279_2720175 250956 251054 OS_Chr10_2616367_3045941
71 89.00 296037 296100 OG_10_2247279_2720175 256554 256617 OS_Chr10_2616367_3045941
71 86.00 387708 387787 OG_10_2247279_2720175 307097 307176 OS_Chr10_2616367_3045941
71 91.00 423637 423692 OG_10_2247279_2720175 307176 307121 OS_Chr10_2616367_3045941
71 91.00 414202 414257 OG_10_2247279_2720175 307176 307121 OS_Chr10_2616367_3045941
71 85.00 360949 361051 OG_10_2247279_2720175 343700 343800 OS_Chr10_2616367_3045941
71 97.00 21649 21687 OG_10_2247279_2720175 357859 357821 OS_Chr10_2616367_3045941
71 97.00 21649 21687 OG_10_2247279_2720175 357822 357860 OS_Chr10_2616367_3045941
71 97.00 311999 312038 OG_10_2247279_2720175 365889 365928 OS_Chr10_2616367_3045941
71 90.00 21645 21698 OG_10_2247279_2720175 367472 367525 OS_Chr10_2616367_3045941
71 86.00 263451 263532 OG_10_2247279_2720175 403182 403264 OS_Chr10_2616367_3045941
71 92.00 264910 264959 OG_10_2247279_2720175 419945 419896 OS_Chr10_2616367_3045941
