234900 99.00 275134 394398 OG_10_2247279_2720175 275134 394398 OG_10_2247279_2720175
134000 99.00 133463 201461 OG_10_2247279_2720175 133463 201461 OG_10_2247279_2720175
76940 99.00 394506 433615 OG_10_2247279_2720175 394506 433615 OG_10_2247279_2720175
76200 99.00 433787 472897 OG_10_2247279_2720175 433787 472897 OG_10_2247279_2720175
48310 99.00 82987 107580 OG_10_2247279_2720175 82987 107580 OG_10_2247279_2720175
43060 99.00 238699 260766 OG_10_2247279_2720175 238699 260766 OG_10_2247279_2720175
40960 99.00 21645 42714 OG_10_2247279_2720175 21645 42714 OG_10_2247279_2720175
40930 99.00 1 20778 OG_10_2247279_2720175 1 20778 OG_10_2247279_2720175
40670 99.00 112349 132982 OG_10_2247279_2720175 112349 132982 OG_10_2247279_2720175
38710 99.00 46648 66537 OG_10_2247279_2720175 46648 66537 OG_10_2247279_2720175
35860 99.00 201659 219879 OG_10_2247279_2720175 201659 219879 OG_10_2247279_2720175
33970 99.00 220143 237355 OG_10_2247279_2720175 220143 237355 OG_10_2247279_2720175
30470 99.00 67195 82886 OG_10_2247279_2720175 67195 82886 OG_10_2247279_2720175
25790 98.00 260907 274416 OG_10_2247279_2720175 260907 274416 OG_10_2247279_2720175
7816 99.00 108054 112002 OG_10_2247279_2720175 108054 112002 OG_10_2247279_2720175
5872 99.00 43493 46544 OG_10_2247279_2720175 43493 46544 OG_10_2247279_2720175
5590 92.00 400447 404420 OG_10_2247279_2720175 106626 102674 OG_10_2247279_2720175
5568 92.00 102674 106626 OG_10_2247279_2720175 404420 400447 OG_10_2247279_2720175
2288 91.00 396596 398401 OG_10_2247279_2720175 109962 108172 OG_10_2247279_2720175
2288 91.00 108172 109962 OG_10_2247279_2720175 398401 396596 OG_10_2247279_2720175
1776 89.00 124386 126033 OG_10_2247279_2720175 364542 362907 OG_10_2247279_2720175
1774 89.00 362907 364542 OG_10_2247279_2720175 126033 124386 OG_10_2247279_2720175
1152 91.00 406505 407391 OG_10_2247279_2720175 424359 423467 OG_10_2247279_2720175
1122 91.00 423467 424359 OG_10_2247279_2720175 407391 406505 OG_10_2247279_2720175
920 91.00 242540 243254 OG_10_2247279_2720175 135595 134886 OG_10_2247279_2720175
920 91.00 134886 135595 OG_10_2247279_2720175 243254 242540 OG_10_2247279_2720175
906 86.00 379189 380143 OG_10_2247279_2720175 372274 371334 OG_10_2247279_2720175
906 86.00 371334 372274 OG_10_2247279_2720175 380143 379189 OG_10_2247279_2720175
799 98.00 227164 227601 OG_10_2247279_2720175 216165 216603 OG_10_2247279_2720175
799 98.00 216165 216603 OG_10_2247279_2720175 227164 227601 OG_10_2247279_2720175
749 88.00 100141 100816 OG_10_2247279_2720175 19844 20543 OG_10_2247279_2720175
749 88.00 19844 20543 OG_10_2247279_2720175 100141 100816 OG_10_2247279_2720175
690 89.00 414571 415158 OG_10_2247279_2720175 407089 406502 OG_10_2247279_2720175
690 91.00 407138 407691 OG_10_2247279_2720175 414286 413734 OG_10_2247279_2720175
690 89.00 406502 407089 OG_10_2247279_2720175 415158 414571 OG_10_2247279_2720175
684 91.00 413734 414286 OG_10_2247279_2720175 407691 407138 OG_10_2247279_2720175
642 86.00 134879 135588 OG_10_2247279_2720175 19844 20534 OG_10_2247279_2720175
642 86.00 19844 20534 OG_10_2247279_2720175 134879 135588 OG_10_2247279_2720175
630 87.00 379179 379793 OG_10_2247279_2720175 356237 355619 OG_10_2247279_2720175
624 87.00 355619 356237 OG_10_2247279_2720175 379793 379179 OG_10_2247279_2720175
543 85.00 379184 379793 OG_10_2247279_2720175 360859 360261 OG_10_2247279_2720175
543 85.00 360261 360859 OG_10_2247279_2720175 379793 379184 OG_10_2247279_2720175
541 87.00 410687 411215 OG_10_2247279_2720175 407039 406511 OG_10_2247279_2720175
541 87.00 406511 407039 OG_10_2247279_2720175 411215 410687 OG_10_2247279_2720175
482 89.00 309489 309914 OG_10_2247279_2720175 132221 131796 OG_10_2247279_2720175
482 89.00 131796 132221 OG_10_2247279_2720175 309914 309489 OG_10_2247279_2720175
472 90.00 131796 132208 OG_10_2247279_2720175 20121 20532 OG_10_2247279_2720175
472 90.00 20121 20532 OG_10_2247279_2720175 131796 132208 OG_10_2247279_2720175
468 88.00 138021 138452 OG_10_2247279_2720175 130151 130577 OG_10_2247279_2720175
464 94.00 309496 309808 OG_10_2247279_2720175 242543 242855 OG_10_2247279_2720175
464 94.00 242543 242855 OG_10_2247279_2720175 309496 309808 OG_10_2247279_2720175
462 88.00 130151 130577 OG_10_2247279_2720175 138021 138452 OG_10_2247279_2720175
448 88.00 309500 309944 OG_10_2247279_2720175 20534 20091 OG_10_2247279_2720175
448 88.00 20091 20534 OG_10_2247279_2720175 309944 309500 OG_10_2247279_2720175
444 92.00 363614 363937 OG_10_2247279_2720175 18087 17764 OG_10_2247279_2720175
444 92.00 17764 18087 OG_10_2247279_2720175 363937 363614 OG_10_2247279_2720175
436 91.00 363614 363937 OG_10_2247279_2720175 9595 9272 OG_10_2247279_2720175
436 91.00 9272 9595 OG_10_2247279_2720175 363937 363614 OG_10_2247279_2720175
426 92.00 309491 309808 OG_10_2247279_2720175 135597 135279 OG_10_2247279_2720175
426 92.00 135279 135597 OG_10_2247279_2720175 309808 309491 OG_10_2247279_2720175
422 91.00 124989 125313 OG_10_2247279_2720175 9271 9595 OG_10_2247279_2720175
422 91.00 9271 9595 OG_10_2247279_2720175 124989 125313 OG_10_2247279_2720175
414 91.00 124989 125313 OG_10_2247279_2720175 17763 18087 OG_10_2247279_2720175
414 91.00 17763 18087 OG_10_2247279_2720175 124989 125313 OG_10_2247279_2720175
414 84.00 457129 457673 OG_10_2247279_2720175 461563 461024 OG_10_2247279_2720175
410 90.00 309873 310220 OG_10_2247279_2720175 242920 243257 OG_10_2247279_2720175
410 90.00 242920 243257 OG_10_2247279_2720175 309873 310220 OG_10_2247279_2720175
408 84.00 461024 461563 OG_10_2247279_2720175 457673 457129 OG_10_2247279_2720175
398 91.00 242540 242844 OG_10_2247279_2720175 132217 131913 OG_10_2247279_2720175
398 91.00 131913 132217 OG_10_2247279_2720175 242844 242540 OG_10_2247279_2720175
385 86.00 131796 132219 OG_10_2247279_2720175 100404 100816 OG_10_2247279_2720175
385 86.00 100404 100816 OG_10_2247279_2720175 131796 132219 OG_10_2247279_2720175
381 92.00 135310 135597 OG_10_2247279_2720175 131933 132219 OG_10_2247279_2720175
381 92.00 131933 132219 OG_10_2247279_2720175 135310 135597 OG_10_2247279_2720175
379 86.00 242547 242980 OG_10_2247279_2720175 20534 20102 OG_10_2247279_2720175
379 88.00 309884 310224 OG_10_2247279_2720175 135203 134879 OG_10_2247279_2720175
379 86.00 20102 20534 OG_10_2247279_2720175 242980 242547 OG_10_2247279_2720175
379 88.00 134879 135203 OG_10_2247279_2720175 310224 309884 OG_10_2247279_2720175
363 86.00 309498 309918 OG_10_2247279_2720175 100809 100400 OG_10_2247279_2720175
363 86.00 100400 100809 OG_10_2247279_2720175 309918 309498 OG_10_2247279_2720175
333 91.00 309973 310224 OG_10_2247279_2720175 20095 19844 OG_10_2247279_2720175
333 87.00 298088 298440 OG_10_2247279_2720175 296925 296567 OG_10_2247279_2720175
333 91.00 19844 20095 OG_10_2247279_2720175 310224 309973 OG_10_2247279_2720175
329 87.00 296567 296925 OG_10_2247279_2720175 298440 298088 OG_10_2247279_2720175
327 93.00 314684 314908 OG_10_2247279_2720175 248545 248322 OG_10_2247279_2720175
327 93.00 248322 248545 OG_10_2247279_2720175 314908 314684 OG_10_2247279_2720175
319 91.00 191650 191897 OG_10_2247279_2720175 274388 274141 OG_10_2247279_2720175
317 86.00 300196 300557 OG_10_2247279_2720175 188685 189050 OG_10_2247279_2720175
311 91.00 243013 243257 OG_10_2247279_2720175 20092 19848 OG_10_2247279_2720175
311 92.00 309989 310224 OG_10_2247279_2720175 100376 100141 OG_10_2247279_2720175
311 91.00 19848 20092 OG_10_2247279_2720175 243257 243013 OG_10_2247279_2720175
311 92.00 100141 100376 OG_10_2247279_2720175 310224 309989 OG_10_2247279_2720175
309 96.00 236152 236331 OG_10_2247279_2720175 231371 231192 OG_10_2247279_2720175
309 96.00 231192 231371 OG_10_2247279_2720175 236331 236152 OG_10_2247279_2720175
307 85.00 188685 189050 OG_10_2247279_2720175 300196 300557 OG_10_2247279_2720175
301 89.00 274141 274388 OG_10_2247279_2720175 191897 191650 OG_10_2247279_2720175
295 86.00 135278 135597 OG_10_2247279_2720175 100508 100816 OG_10_2247279_2720175
295 86.00 100508 100816 OG_10_2247279_2720175 135278 135597 OG_10_2247279_2720175
291 81.00 115435 116055 OG_10_2247279_2720175 92493 93117 OG_10_2247279_2720175
291 81.00 92493 93117 OG_10_2247279_2720175 115435 116055 OG_10_2247279_2720175
289 91.00 243021 243257 OG_10_2247279_2720175 100381 100145 OG_10_2247279_2720175
289 91.00 100145 100381 OG_10_2247279_2720175 243257 243021 OG_10_2247279_2720175
287 91.00 252457 252683 OG_10_2247279_2720175 51736 51963 OG_10_2247279_2720175
281 90.00 51736 51963 OG_10_2247279_2720175 252457 252683 OG_10_2247279_2720175
280 93.00 134931 135126 OG_10_2247279_2720175 131559 131755 OG_10_2247279_2720175
280 93.00 131559 131755 OG_10_2247279_2720175 134931 135126 OG_10_2247279_2720175
278 86.00 185112 185374 OG_10_2247279_2720175 183845 183563 OG_10_2247279_2720175
276 86.00 242540 242856 OG_10_2247279_2720175 100814 100508 OG_10_2247279_2720175
276 86.00 100508 100814 OG_10_2247279_2720175 242856 242540 OG_10_2247279_2720175
272 86.00 183563 183845 OG_10_2247279_2720175 185374 185112 OG_10_2247279_2720175
258 89.00 134879 135119 OG_10_2247279_2720175 100141 100381 OG_10_2247279_2720175
258 89.00 100141 100381 OG_10_2247279_2720175 134879 135119 OG_10_2247279_2720175
252 89.00 178804 179018 OG_10_2247279_2720175 466297 466511 OG_10_2247279_2720175
242 91.00 243014 243206 OG_10_2247279_2720175 131755 131562 OG_10_2247279_2720175
242 91.00 131562 131755 OG_10_2247279_2720175 243206 243014 OG_10_2247279_2720175
238 88.00 60629 60863 OG_10_2247279_2720175 52606 52373 OG_10_2247279_2720175
238 85.00 395785 396084 OG_10_2247279_2720175 110863 110564 OG_10_2247279_2720175
238 91.00 309977 310167 OG_10_2247279_2720175 131755 131564 OG_10_2247279_2720175
238 91.00 131564 131755 OG_10_2247279_2720175 310167 309977 OG_10_2247279_2720175
238 85.00 110564 110863 OG_10_2247279_2720175 396084 395785 OG_10_2247279_2720175
234 88.00 466297 466511 OG_10_2247279_2720175 178804 179018 OG_10_2247279_2720175
226 87.00 52373 52606 OG_10_2247279_2720175 60863 60629 OG_10_2247279_2720175
226 89.00 400176 400364 OG_10_2247279_2720175 106858 106670 OG_10_2247279_2720175
224 93.00 399920 400079 OG_10_2247279_2720175 107143 106983 OG_10_2247279_2720175
222 87.00 284018 284241 OG_10_2247279_2720175 285184 284955 OG_10_2247279_2720175
218 92.00 106983 107143 OG_10_2247279_2720175 400079 399920 OG_10_2247279_2720175
216 90.00 400176 400359 OG_10_2247279_2720175 106959 106777 OG_10_2247279_2720175
214 88.00 60633 60845 OG_10_2247279_2720175 269027 269241 OG_10_2247279_2720175
214 90.00 164944 165123 OG_10_2247279_2720175 466316 466495 OG_10_2247279_2720175
212 88.00 269027 269241 OG_10_2247279_2720175 60633 60845 OG_10_2247279_2720175
212 89.00 184916 185106 OG_10_2247279_2720175 184067 183877 OG_10_2247279_2720175
212 89.00 183877 184067 OG_10_2247279_2720175 185106 184916 OG_10_2247279_2720175
210 87.00 284955 285184 OG_10_2247279_2720175 284241 284018 OG_10_2247279_2720175
210 88.00 106670 106858 OG_10_2247279_2720175 400364 400176 OG_10_2247279_2720175
208 96.00 352549 352669 OG_10_2247279_2720175 347631 347511 OG_10_2247279_2720175
208 96.00 347511 347631 OG_10_2247279_2720175 352669 352549 OG_10_2247279_2720175
204 88.00 469294 469509 OG_10_2247279_2720175 245354 245139 OG_10_2247279_2720175
204 89.00 106780 106959 OG_10_2247279_2720175 400356 400176 OG_10_2247279_2720175
202 86.00 110922 111139 OG_10_2247279_2720175 395710 395493 OG_10_2247279_2720175
202 90.00 410393 410562 OG_10_2247279_2720175 407299 407130 OG_10_2247279_2720175
202 90.00 407130 407299 OG_10_2247279_2720175 410562 410393 OG_10_2247279_2720175
200 88.00 131559 131755 OG_10_2247279_2720175 19896 20091 OG_10_2247279_2720175
200 88.00 19896 20091 OG_10_2247279_2720175 131559 131755 OG_10_2247279_2720175
200 87.00 246624 246834 OG_10_2247279_2720175 200627 200420 OG_10_2247279_2720175
200 87.00 200420 200627 OG_10_2247279_2720175 246834 246624 OG_10_2247279_2720175
198 86.00 451054 451280 OG_10_2247279_2720175 164550 164323 OG_10_2247279_2720175
198 83.00 85849 86125 OG_10_2247279_2720175 281998 281745 OG_10_2247279_2720175
198 86.00 164323 164550 OG_10_2247279_2720175 451280 451054 OG_10_2247279_2720175
198 87.00 245139 245354 OG_10_2247279_2720175 469509 469294 OG_10_2247279_2720175
196 86.00 395493 395710 OG_10_2247279_2720175 111139 110922 OG_10_2247279_2720175
196 88.00 466316 466495 OG_10_2247279_2720175 164944 165123 OG_10_2247279_2720175
196 92.00 338060 338198 OG_10_2247279_2720175 263742 263880 OG_10_2247279_2720175
194 82.00 281745 282009 OG_10_2247279_2720175 86125 85839 OG_10_2247279_2720175
194 86.00 252446 252672 OG_10_2247279_2720175 143633 143406 OG_10_2247279_2720175
194 86.00 143406 143633 OG_10_2247279_2720175 252672 252446 OG_10_2247279_2720175
190 79.00 390277 390891 OG_10_2247279_2720175 103994 103380 OG_10_2247279_2720175
190 92.00 263742 263880 OG_10_2247279_2720175 338060 338198 OG_10_2247279_2720175
190 79.00 103380 103994 OG_10_2247279_2720175 390891 390277 OG_10_2247279_2720175
188 91.00 246346 246488 OG_10_2247279_2720175 200914 200772 OG_10_2247279_2720175
188 90.00 211233 211383 OG_10_2247279_2720175 208657 208507 OG_10_2247279_2720175
188 90.00 208507 208657 OG_10_2247279_2720175 211383 211233 OG_10_2247279_2720175
188 91.00 200772 200914 OG_10_2247279_2720175 246488 246346 OG_10_2247279_2720175
186 93.00 379952 380081 OG_10_2247279_2720175 355419 355290 OG_10_2247279_2720175
186 93.00 355290 355419 OG_10_2247279_2720175 380081 379952 OG_10_2247279_2720175
184 79.00 390281 390892 OG_10_2247279_2720175 403082 403693 OG_10_2247279_2720175
182 81.00 396150 396484 OG_10_2247279_2720175 110477 110143 OG_10_2247279_2720175
182 83.00 120009 120290 OG_10_2247279_2720175 118980 118693 OG_10_2247279_2720175
182 83.00 118693 118980 OG_10_2247279_2720175 120290 120009 OG_10_2247279_2720175
182 81.00 110143 110477 OG_10_2247279_2720175 396484 396150 OG_10_2247279_2720175
180 88.00 131559 131748 OG_10_2247279_2720175 100193 100381 OG_10_2247279_2720175
180 88.00 100193 100381 OG_10_2247279_2720175 131559 131748 OG_10_2247279_2720175
180 83.00 306363 306590 OG_10_2247279_2720175 252446 252685 OG_10_2247279_2720175
178 85.00 451057 451277 OG_10_2247279_2720175 165254 165475 OG_10_2247279_2720175
178 78.00 403082 403693 OG_10_2247279_2720175 390281 390892 OG_10_2247279_2720175
178 85.00 165254 165475 OG_10_2247279_2720175 451057 451277 OG_10_2247279_2720175
176 96.00 363455 363559 OG_10_2247279_2720175 9759 9655 OG_10_2247279_2720175
176 96.00 363455 363559 OG_10_2247279_2720175 18251 18147 OG_10_2247279_2720175
176 96.00 18147 18251 OG_10_2247279_2720175 363559 363455 OG_10_2247279_2720175
176 96.00 9655 9759 OG_10_2247279_2720175 363559 363455 OG_10_2247279_2720175
174 85.00 248311 248549 OG_10_2247279_2720175 273913 273674 OG_10_2247279_2720175
174 83.00 252446 252685 OG_10_2247279_2720175 306363 306590 OG_10_2247279_2720175
172 95.00 125379 125485 OG_10_2247279_2720175 9655 9761 OG_10_2247279_2720175
172 95.00 125379 125485 OG_10_2247279_2720175 18147 18253 OG_10_2247279_2720175
172 95.00 9655 9761 OG_10_2247279_2720175 125379 125485 OG_10_2247279_2720175
172 95.00 18147 18253 OG_10_2247279_2720175 125379 125485 OG_10_2247279_2720175
172 80.00 136214 136534 OG_10_2247279_2720175 129486 129825 OG_10_2247279_2720175
172 89.00 340872 341018 OG_10_2247279_2720175 341018 340872 OG_10_2247279_2720175
170 81.00 129486 129825 OG_10_2247279_2720175 136214 136534 OG_10_2247279_2720175
170 92.00 243264 243389 OG_10_2247279_2720175 334336 334211 OG_10_2247279_2720175
168 88.00 136027 136203 OG_10_2247279_2720175 129258 129428 OG_10_2247279_2720175
168 88.00 376725 376877 OG_10_2247279_2720175 374114 373962 OG_10_2247279_2720175
168 88.00 373962 374114 OG_10_2247279_2720175 376877 376725 OG_10_2247279_2720175
167 88.00 129258 129428 OG_10_2247279_2720175 136027 136203 OG_10_2247279_2720175
167 88.00 334247 334400 OG_10_2247279_2720175 215254 215102 OG_10_2247279_2720175
165 84.00 269020 269270 OG_10_2247279_2720175 52609 52362 OG_10_2247279_2720175
163 86.00 248359 248548 OG_10_2247279_2720175 334367 334175 OG_10_2247279_2720175
163 86.00 379491 379687 OG_10_2247279_2720175 336319 336126 OG_10_2247279_2720175
163 86.00 336126 336319 OG_10_2247279_2720175 379687 379491 OG_10_2247279_2720175
161 86.00 451054 451252 OG_10_2247279_2720175 57295 57099 OG_10_2247279_2720175
161 90.00 451784 451918 OG_10_2247279_2720175 215254 215119 OG_10_2247279_2720175
161 86.00 57099 57295 OG_10_2247279_2720175 451252 451054 OG_10_2247279_2720175
159 90.00 143406 143544 OG_10_2247279_2720175 51952 51814 OG_10_2247279_2720175
159 84.00 51736 51952 OG_10_2247279_2720175 143622 143406 OG_10_2247279_2720175
159 88.00 248328 248471 OG_10_2247279_2720175 215104 215247 OG_10_2247279_2720175
159 90.00 334211 334336 OG_10_2247279_2720175 243389 243264 OG_10_2247279_2720175
159 84.00 451712 451919 OG_10_2247279_2720175 334175 334384 OG_10_2247279_2720175
155 83.00 273674 273913 OG_10_2247279_2720175 248549 248311 OG_10_2247279_2720175
155 83.00 52362 52609 OG_10_2247279_2720175 269270 269020 OG_10_2247279_2720175
153 89.00 394239 394365 OG_10_2247279_2720175 112553 112427 OG_10_2247279_2720175
153 85.00 334175 334367 OG_10_2247279_2720175 248548 248359 OG_10_2247279_2720175
151 86.00 1286 1473 OG_10_2247279_2720175 215137 215325 OG_10_2247279_2720175
151 86.00 334175 334357 OG_10_2247279_2720175 273675 273855 OG_10_2247279_2720175
149 87.00 314697 314861 OG_10_2247279_2720175 1456 1294 OG_10_2247279_2720175
147 90.00 314717 314841 OG_10_2247279_2720175 243389 243264 OG_10_2247279_2720175
147 90.00 243264 243389 OG_10_2247279_2720175 314841 314717 OG_10_2247279_2720175
147 83.00 334175 334384 OG_10_2247279_2720175 451712 451919 OG_10_2247279_2720175
145 91.00 400249 400360 OG_10_2247279_2720175 106988 106877 OG_10_2247279_2720175
145 88.00 112427 112553 OG_10_2247279_2720175 394365 394239 OG_10_2247279_2720175
145 91.00 106877 106988 OG_10_2247279_2720175 400360 400249 OG_10_2247279_2720175
143 86.00 215137 215325 OG_10_2247279_2720175 1286 1473 OG_10_2247279_2720175
143 85.00 164361 164555 OG_10_2247279_2720175 57109 57300 OG_10_2247279_2720175
143 85.00 57109 57300 OG_10_2247279_2720175 164361 164555 OG_10_2247279_2720175
141 84.00 366084 366334 OG_10_2247279_2720175 122709 122461 OG_10_2247279_2720175
141 95.00 243264 243350 OG_10_2247279_2720175 215165 215251 OG_10_2247279_2720175
141 86.00 215102 215254 OG_10_2247279_2720175 334400 334247 OG_10_2247279_2720175
139 92.00 314756 314857 OG_10_2247279_2720175 215250 215149 OG_10_2247279_2720175
139 86.00 285061 285213 OG_10_2247279_2720175 238934 239088 OG_10_2247279_2720175
139 86.00 1294 1456 OG_10_2247279_2720175 314861 314697 OG_10_2247279_2720175
137 88.00 451710 451846 OG_10_2247279_2720175 1474 1339 OG_10_2247279_2720175
137 87.00 370853 371009 OG_10_2247279_2720175 325822 325668 OG_10_2247279_2720175
137 88.00 1339 1474 OG_10_2247279_2720175 451846 451710 OG_10_2247279_2720175
135 82.00 306363 306589 OG_10_2247279_2720175 143633 143394 OG_10_2247279_2720175
135 84.00 314717 314918 OG_10_2247279_2720175 273712 273912 OG_10_2247279_2720175
135 96.00 281921 281999 OG_10_2247279_2720175 281998 281920 OG_10_2247279_2720175
135 88.00 238934 239057 OG_10_2247279_2720175 285061 285184 OG_10_2247279_2720175
133 85.00 334175 334357 OG_10_2247279_2720175 1472 1294 OG_10_2247279_2720175
133 85.00 1294 1472 OG_10_2247279_2720175 334357 334175 OG_10_2247279_2720175
133 91.00 263446 263542 OG_10_2247279_2720175 412781 412685 OG_10_2247279_2720175
131 85.00 248369 248550 OG_10_2247279_2720175 1294 1474 OG_10_2247279_2720175
131 84.00 165244 165440 OG_10_2247279_2720175 57302 57109 OG_10_2247279_2720175
131 84.00 332441 332618 OG_10_2247279_2720175 102465 102642 OG_10_2247279_2720175
131 82.00 165246 165475 OG_10_2247279_2720175 164555 164326 OG_10_2247279_2720175
131 84.00 57109 57302 OG_10_2247279_2720175 165440 165244 OG_10_2247279_2720175
131 82.00 164326 164555 OG_10_2247279_2720175 165475 165246 OG_10_2247279_2720175
131 90.00 412678 412781 OG_10_2247279_2720175 263549 263446 OG_10_2247279_2720175
131 89.00 166711 166831 OG_10_2247279_2720175 275132 275250 OG_10_2247279_2720175
131 84.00 102465 102642 OG_10_2247279_2720175 332441 332618 OG_10_2247279_2720175
131 84.00 273675 273855 OG_10_2247279_2720175 334175 334357 OG_10_2247279_2720175
129 86.00 114557 114701 OG_10_2247279_2720175 91556 91700 OG_10_2247279_2720175
129 86.00 91556 91700 OG_10_2247279_2720175 114557 114701 OG_10_2247279_2720175
129 88.00 215135 215247 OG_10_2247279_2720175 248359 248471 OG_10_2247279_2720175
129 90.00 412800 412904 OG_10_2247279_2720175 263383 263487 OG_10_2247279_2720175
129 82.00 143394 143633 OG_10_2247279_2720175 306589 306363 OG_10_2247279_2720175
129 86.00 215119 215254 OG_10_2247279_2720175 451918 451784 OG_10_2247279_2720175
127 83.00 408855 409064 OG_10_2247279_2720175 139544 139331 OG_10_2247279_2720175
127 83.00 139331 139544 OG_10_2247279_2720175 409064 408855 OG_10_2247279_2720175
125 84.00 83535 83712 OG_10_2247279_2720175 3294 3113 OG_10_2247279_2720175
125 84.00 3113 3294 OG_10_2247279_2720175 83712 83535 OG_10_2247279_2720175
125 94.00 133516 133601 OG_10_2247279_2720175 132896 132982 OG_10_2247279_2720175
125 81.00 85270 85507 OG_10_2247279_2720175 282693 282471 OG_10_2247279_2720175
125 86.00 122461 122628 OG_10_2247279_2720175 366334 366167 OG_10_2247279_2720175
125 87.00 325668 325803 OG_10_2247279_2720175 371009 370872 OG_10_2247279_2720175
123 91.00 243264 243364 OG_10_2247279_2720175 1314 1412 OG_10_2247279_2720175
123 88.00 73487 73626 OG_10_2247279_2720175 73626 73487 OG_10_2247279_2720175
123 88.00 285070 285184 OG_10_2247279_2720175 237355 237240 OG_10_2247279_2720175
123 91.00 215165 215251 OG_10_2247279_2720175 243264 243350 OG_10_2247279_2720175
123 88.00 263410 263521 OG_10_2247279_2720175 263259 263148 OG_10_2247279_2720175
123 89.00 215149 215250 OG_10_2247279_2720175 314857 314756 OG_10_2247279_2720175
121 82.00 273691 273896 OG_10_2247279_2720175 215307 215104 OG_10_2247279_2720175
121 86.00 238943 239084 OG_10_2247279_2720175 237355 237210 OG_10_2247279_2720175
121 88.00 451765 451873 OG_10_2247279_2720175 243372 243264 OG_10_2247279_2720175
121 84.00 1294 1474 OG_10_2247279_2720175 248369 248550 OG_10_2247279_2720175
121 88.00 237240 237355 OG_10_2247279_2720175 285184 285070 OG_10_2247279_2720175
121 88.00 243264 243372 OG_10_2247279_2720175 451873 451765 OG_10_2247279_2720175
119 84.00 447353 447517 OG_10_2247279_2720175 9656 9815 OG_10_2247279_2720175
119 98.00 132896 132959 OG_10_2247279_2720175 133516 133579 OG_10_2247279_2720175
119 93.00 380026 380105 OG_10_2247279_2720175 360004 359925 OG_10_2247279_2720175
119 93.00 359925 360004 OG_10_2247279_2720175 380105 380026 OG_10_2247279_2720175
119 95.00 333651 333722 OG_10_2247279_2720175 394365 394294 OG_10_2247279_2720175
119 84.00 9656 9815 OG_10_2247279_2720175 447353 447517 OG_10_2247279_2720175
117 90.00 1314 1412 OG_10_2247279_2720175 243264 243364 OG_10_2247279_2720175
117 88.00 263383 263487 OG_10_2247279_2720175 412800 412904 OG_10_2247279_2720175
115 91.00 400176 400265 OG_10_2247279_2720175 106756 106667 OG_10_2247279_2720175
115 93.00 133592 133669 OG_10_2247279_2720175 132894 132971 OG_10_2247279_2720175
115 84.00 451719 451883 OG_10_2247279_2720175 314688 314851 OG_10_2247279_2720175
115 86.00 469295 469418 OG_10_2247279_2720175 328660 328544 OG_10_2247279_2720175
115 85.00 353418 353551 OG_10_2247279_2720175 352853 352720 OG_10_2247279_2720175
115 85.00 352720 352853 OG_10_2247279_2720175 353551 353418 OG_10_2247279_2720175
115 86.00 328544 328660 OG_10_2247279_2720175 469418 469295 OG_10_2247279_2720175
113 81.00 306377 306577 OG_10_2247279_2720175 51739 51952 OG_10_2247279_2720175
113 80.00 282471 282693 OG_10_2247279_2720175 85507 85270 OG_10_2247279_2720175
113 83.00 215143 215307 OG_10_2247279_2720175 273857 273691 OG_10_2247279_2720175
113 82.00 273712 273912 OG_10_2247279_2720175 314717 314918 OG_10_2247279_2720175
113 94.00 394294 394365 OG_10_2247279_2720175 333722 333651 OG_10_2247279_2720175
113 84.00 314688 314851 OG_10_2247279_2720175 451719 451883 OG_10_2247279_2720175
111 89.00 447353 447452 OG_10_2247279_2720175 18148 18247 OG_10_2247279_2720175
111 89.00 18148 18247 OG_10_2247279_2720175 447353 447452 OG_10_2247279_2720175
109 78.00 404471 404690 OG_10_2247279_2720175 102715 102465 OG_10_2247279_2720175
109 86.00 394781 394895 OG_10_2247279_2720175 111883 111769 OG_10_2247279_2720175
109 92.00 132894 132971 OG_10_2247279_2720175 133592 133669 OG_10_2247279_2720175
109 85.00 237213 237355 OG_10_2247279_2720175 239081 238943 OG_10_2247279_2720175
109 86.00 243264 243389 OG_10_2247279_2720175 273835 273712 OG_10_2247279_2720175
109 87.00 451765 451881 OG_10_2247279_2720175 273729 273843 OG_10_2247279_2720175
109 87.00 85124 85243 OG_10_2247279_2720175 282804 282690 OG_10_2247279_2720175
109 80.00 51739 51952 OG_10_2247279_2720175 306377 306577 OG_10_2247279_2720175
109 86.00 111769 111883 OG_10_2247279_2720175 394895 394781 OG_10_2247279_2720175
109 78.00 102465 102715 OG_10_2247279_2720175 404690 404471 OG_10_2247279_2720175
109 90.00 416624 416710 OG_10_2247279_2720175 451520 451606 OG_10_2247279_2720175
107 85.00 267610 267743 OG_10_2247279_2720175 187094 187227 OG_10_2247279_2720175
107 83.00 451710 451881 OG_10_2247279_2720175 248550 248381 OG_10_2247279_2720175
107 85.00 187094 187227 OG_10_2247279_2720175 267610 267743 OG_10_2247279_2720175
105 84.00 394943 395078 OG_10_2247279_2720175 111704 111566 OG_10_2247279_2720175
105 94.00 248473 248541 OG_10_2247279_2720175 248387 248319 OG_10_2247279_2720175
105 94.00 248319 248387 OG_10_2247279_2720175 248541 248473 OG_10_2247279_2720175
105 84.00 111566 111704 OG_10_2247279_2720175 395078 394943 OG_10_2247279_2720175
105 83.00 248381 248550 OG_10_2247279_2720175 451881 451710 OG_10_2247279_2720175
103 86.00 282690 282804 OG_10_2247279_2720175 85243 85124 OG_10_2247279_2720175
103 93.00 355185 355259 OG_10_2247279_2720175 132311 132239 OG_10_2247279_2720175
103 86.00 102002 102116 OG_10_2247279_2720175 237325 237210 OG_10_2247279_2720175
103 86.00 166712 166834 OG_10_2247279_2720175 275236 275116 OG_10_2247279_2720175
103 84.00 83847 83997 OG_10_2247279_2720175 305092 304941 OG_10_2247279_2720175
103 93.00 132239 132311 OG_10_2247279_2720175 355259 355185 OG_10_2247279_2720175
103 89.00 451520 451606 OG_10_2247279_2720175 416624 416710 OG_10_2247279_2720175
103 86.00 17269 17384 OG_10_2247279_2720175 432752 432867 OG_10_2247279_2720175
101 87.00 447522 447644 OG_10_2247279_2720175 9888 10012 OG_10_2247279_2720175
101 93.00 85859 85930 OG_10_2247279_2720175 281931 281998 OG_10_2247279_2720175
101 85.00 85599 85737 OG_10_2247279_2720175 282265 282130 OG_10_2247279_2720175
101 83.00 380944 381103 OG_10_2247279_2720175 381103 380944 OG_10_2247279_2720175
101 89.00 404378 404464 OG_10_2247279_2720175 404464 404378 OG_10_2247279_2720175
101 87.00 9888 10012 OG_10_2247279_2720175 447522 447644 OG_10_2247279_2720175
101 84.00 418248 418390 OG_10_2247279_2720175 452593 452737 OG_10_2247279_2720175
99 90.00 458225 458306 OG_10_2247279_2720175 109613 109532 OG_10_2247279_2720175
99 83.00 241115 241269 OG_10_2247279_2720175 241510 241354 OG_10_2247279_2720175
99 84.00 8747 8872 OG_10_2247279_2720175 432742 432867 OG_10_2247279_2720175
99 90.00 109532 109613 OG_10_2247279_2720175 458306 458225 OG_10_2247279_2720175
97 85.00 432752 432867 OG_10_2247279_2720175 17269 17384 OG_10_2247279_2720175
97 85.00 304972 305092 OG_10_2247279_2720175 83966 83847 OG_10_2247279_2720175
97 90.00 451186 451266 OG_10_2247279_2720175 191932 192012 OG_10_2247279_2720175
97 89.00 412698 412781 OG_10_2247279_2720175 263140 263223 OG_10_2247279_2720175
97 90.00 191932 192012 OG_10_2247279_2720175 451186 451266 OG_10_2247279_2720175
95 96.00 21645 21698 OG_10_2247279_2720175 21698 21645 OG_10_2247279_2720175
95 98.00 21649 21699 OG_10_2247279_2720175 21696 21646 OG_10_2247279_2720175
95 98.00 21649 21699 OG_10_2247279_2720175 21698 21648 OG_10_2247279_2720175
95 84.00 282130 282265 OG_10_2247279_2720175 85737 85599 OG_10_2247279_2720175
95 91.00 281931 281998 OG_10_2247279_2720175 85859 85930 OG_10_2247279_2720175
95 85.00 237213 237325 OG_10_2247279_2720175 102113 102002 OG_10_2247279_2720175
95 90.00 270481 270560 OG_10_2247279_2720175 270399 270320 OG_10_2247279_2720175
95 90.00 270320 270399 OG_10_2247279_2720175 270560 270481 OG_10_2247279_2720175
95 92.00 423635 423702 OG_10_2247279_2720175 312415 312348 OG_10_2247279_2720175
95 92.00 414200 414267 OG_10_2247279_2720175 312415 312348 OG_10_2247279_2720175
95 92.00 312348 312415 OG_10_2247279_2720175 414267 414200 OG_10_2247279_2720175
95 88.00 452356 452434 OG_10_2247279_2720175 418078 418163 OG_10_2247279_2720175
95 92.00 312348 312415 OG_10_2247279_2720175 423702 423635 OG_10_2247279_2720175
95 88.00 418078 418163 OG_10_2247279_2720175 452356 452434 OG_10_2247279_2720175
95 88.00 460921 461020 OG_10_2247279_2720175 457807 457709 OG_10_2247279_2720175
95 88.00 457709 457807 OG_10_2247279_2720175 461020 460921 OG_10_2247279_2720175
93 84.00 432742 432867 OG_10_2247279_2720175 8747 8872 OG_10_2247279_2720175
93 98.00 21650 21699 OG_10_2247279_2720175 21699 21650 OG_10_2247279_2720175
93 98.00 166789 166839 OG_10_2247279_2720175 47549 47599 OG_10_2247279_2720175
93 98.00 47549 47599 OG_10_2247279_2720175 166789 166839 OG_10_2247279_2720175
93 82.00 241354 241510 OG_10_2247279_2720175 241269 241115 OG_10_2247279_2720175
93 84.00 273712 273832 OG_10_2247279_2720175 243389 243267 OG_10_2247279_2720175
93 85.00 1293 1412 OG_10_2247279_2720175 273856 273737 OG_10_2247279_2720175
93 89.00 407146 407224 OG_10_2247279_2720175 312337 312415 OG_10_2247279_2720175
93 89.00 423612 423694 OG_10_2247279_2720175 387812 387730 OG_10_2247279_2720175
93 89.00 312337 312415 OG_10_2247279_2720175 407146 407224 OG_10_2247279_2720175
93 89.00 387730 387812 OG_10_2247279_2720175 423694 423612 OG_10_2247279_2720175
91 83.00 47471 47602 OG_10_2247279_2720175 47602 47471 OG_10_2247279_2720175
91 100.00 166792 166837 OG_10_2247279_2720175 47521 47476 OG_10_2247279_2720175
91 96.00 18948 19001 OG_10_2247279_2720175 120236 120289 OG_10_2247279_2720175
91 87.00 166712 166817 OG_10_2247279_2720175 166817 166712 OG_10_2247279_2720175
91 85.00 275150 275250 OG_10_2247279_2720175 166729 166831 OG_10_2247279_2720175
91 100.00 47476 47521 OG_10_2247279_2720175 166837 166792 OG_10_2247279_2720175
91 91.00 1400 1472 OG_10_2247279_2720175 215161 215088 OG_10_2247279_2720175
91 84.00 470186 470317 OG_10_2247279_2720175 264938 265070 OG_10_2247279_2720175
91 86.00 407146 407247 OG_10_2247279_2720175 387711 387812 OG_10_2247279_2720175
91 86.00 387711 387812 OG_10_2247279_2720175 407146 407247 OG_10_2247279_2720175
91 82.00 452593 452737 OG_10_2247279_2720175 418248 418390 OG_10_2247279_2720175
89 90.00 369319 369391 OG_10_2247279_2720175 2973 3045 OG_10_2247279_2720175
89 88.00 447385 447465 OG_10_2247279_2720175 125412 125492 OG_10_2247279_2720175
89 84.00 324383 324503 OG_10_2247279_2720175 306771 306651 OG_10_2247279_2720175
89 84.00 306651 306771 OG_10_2247279_2720175 324503 324383 OG_10_2247279_2720175
89 90.00 2973 3045 OG_10_2247279_2720175 369319 369391 OG_10_2247279_2720175
89 88.00 125412 125492 OG_10_2247279_2720175 447385 447465 OG_10_2247279_2720175
87 89.00 93596 93679 OG_10_2247279_2720175 44364 44282 OG_10_2247279_2720175
87 89.00 44282 44364 OG_10_2247279_2720175 93679 93596 OG_10_2247279_2720175
87 97.00 21655 21701 OG_10_2247279_2720175 112332 112378 OG_10_2247279_2720175
87 85.00 284015 284133 OG_10_2247279_2720175 237237 237355 OG_10_2247279_2720175
87 89.00 314843 314918 OG_10_2247279_2720175 248473 248548 OG_10_2247279_2720175
87 89.00 248473 248548 OG_10_2247279_2720175 314843 314918 OG_10_2247279_2720175
87 86.00 447366 447465 OG_10_2247279_2720175 363545 363446 OG_10_2247279_2720175
87 93.00 410159 410230 OG_10_2247279_2720175 407552 407483 OG_10_2247279_2720175
87 93.00 407483 407552 OG_10_2247279_2720175 410230 410159 OG_10_2247279_2720175
87 84.00 7236 7378 OG_10_2247279_2720175 431425 431566 OG_10_2247279_2720175
87 86.00 363446 363545 OG_10_2247279_2720175 447465 447366 OG_10_2247279_2720175
85 94.00 120236 120289 OG_10_2247279_2720175 18948 19001 OG_10_2247279_2720175
85 90.00 128388 128458 OG_10_2247279_2720175 128290 128220 OG_10_2247279_2720175
85 85.00 138984 139092 OG_10_2247279_2720175 131194 131299 OG_10_2247279_2720175
85 85.00 131194 131299 OG_10_2247279_2720175 138984 139092 OG_10_2247279_2720175
85 85.00 102464 102566 OG_10_2247279_2720175 281738 281840 OG_10_2247279_2720175
85 94.00 410697 410751 OG_10_2247279_2720175 355929 355875 OG_10_2247279_2720175
85 92.00 387727 387789 OG_10_2247279_2720175 379364 379302 OG_10_2247279_2720175
85 94.00 410698 410752 OG_10_2247279_2720175 379487 379541 OG_10_2247279_2720175
85 92.00 379302 379364 OG_10_2247279_2720175 387789 387727 OG_10_2247279_2720175
85 87.00 414177 414259 OG_10_2247279_2720175 387812 387730 OG_10_2247279_2720175
85 85.00 108064 108166 OG_10_2247279_2720175 398676 398574 OG_10_2247279_2720175
85 94.00 355875 355929 OG_10_2247279_2720175 410751 410697 OG_10_2247279_2720175
85 94.00 379487 379541 OG_10_2247279_2720175 410698 410752 OG_10_2247279_2720175
85 89.00 412897 412979 OG_10_2247279_2720175 412776 412695 OG_10_2247279_2720175
85 87.00 387730 387812 OG_10_2247279_2720175 414259 414177 OG_10_2247279_2720175
83 89.00 285112 285184 OG_10_2247279_2720175 102014 102086 OG_10_2247279_2720175
83 93.00 404424 404484 OG_10_2247279_2720175 102584 102642 OG_10_2247279_2720175
83 87.00 398680 398765 OG_10_2247279_2720175 108149 108064 OG_10_2247279_2720175
83 97.00 21649 21693 OG_10_2247279_2720175 112332 112376 OG_10_2247279_2720175
83 97.00 21651 21695 OG_10_2247279_2720175 112332 112376 OG_10_2247279_2720175
83 97.00 21653 21697 OG_10_2247279_2720175 112332 112376 OG_10_2247279_2720175
83 97.00 21654 21698 OG_10_2247279_2720175 112376 112332 OG_10_2247279_2720175
83 97.00 21652 21696 OG_10_2247279_2720175 112376 112332 OG_10_2247279_2720175
83 97.00 21650 21694 OG_10_2247279_2720175 112376 112332 OG_10_2247279_2720175
83 96.00 18952 19001 OG_10_2247279_2720175 118743 118694 OG_10_2247279_2720175
83 86.00 408300 408390 OG_10_2247279_2720175 140037 139943 OG_10_2247279_2720175
83 87.00 191551 191636 OG_10_2247279_2720175 164571 164486 OG_10_2247279_2720175
83 87.00 164486 164571 OG_10_2247279_2720175 191636 191551 OG_10_2247279_2720175
83 82.00 246176 246309 OG_10_2247279_2720175 201096 200963 OG_10_2247279_2720175
83 84.00 284015 284140 OG_10_2247279_2720175 239060 238936 OG_10_2247279_2720175
83 82.00 200963 201096 OG_10_2247279_2720175 246309 246176 OG_10_2247279_2720175
83 85.00 451178 451275 OG_10_2247279_2720175 267631 267534 OG_10_2247279_2720175
83 88.00 248473 248550 OG_10_2247279_2720175 273837 273914 OG_10_2247279_2720175
83 84.00 238936 239060 OG_10_2247279_2720175 284140 284015 OG_10_2247279_2720175
83 89.00 102014 102086 OG_10_2247279_2720175 285112 285184 OG_10_2247279_2720175
83 84.00 307208 307313 OG_10_2247279_2720175 306776 306671 OG_10_2247279_2720175
83 84.00 306671 306776 OG_10_2247279_2720175 307313 307208 OG_10_2247279_2720175
83 90.00 423648 423713 OG_10_2247279_2720175 360732 360667 OG_10_2247279_2720175
83 90.00 414213 414278 OG_10_2247279_2720175 360732 360667 OG_10_2247279_2720175
83 94.00 406976 407029 OG_10_2247279_2720175 379539 379486 OG_10_2247279_2720175
83 87.00 108064 108149 OG_10_2247279_2720175 398765 398680 OG_10_2247279_2720175
83 93.00 102584 102642 OG_10_2247279_2720175 404424 404484 OG_10_2247279_2720175
83 94.00 379486 379539 OG_10_2247279_2720175 407029 406976 OG_10_2247279_2720175
83 90.00 360667 360732 OG_10_2247279_2720175 414278 414213 OG_10_2247279_2720175
83 90.00 360667 360732 OG_10_2247279_2720175 423713 423648 OG_10_2247279_2720175
83 84.00 15753 15893 OG_10_2247279_2720175 431427 431566 OG_10_2247279_2720175
83 85.00 267534 267631 OG_10_2247279_2720175 451275 451178 OG_10_2247279_2720175
81 83.00 273737 273856 OG_10_2247279_2720175 1412 1293 OG_10_2247279_2720175
81 87.00 252826 252906 OG_10_2247279_2720175 83630 83710 OG_10_2247279_2720175
81 97.00 21649 21692 OG_10_2247279_2720175 112375 112332 OG_10_2247279_2720175
81 87.00 128220 128298 OG_10_2247279_2720175 128458 128380 OG_10_2247279_2720175
81 87.00 83630 83710 OG_10_2247279_2720175 252826 252906 OG_10_2247279_2720175
81 82.00 275134 275250 OG_10_2247279_2720175 275235 275119 OG_10_2247279_2720175
81 85.00 237237 237355 OG_10_2247279_2720175 284015 284133 OG_10_2247279_2720175
81 84.00 423836 423940 OG_10_2247279_2720175 355928 355824 OG_10_2247279_2720175
81 94.00 406976 407028 OG_10_2247279_2720175 355876 355928 OG_10_2247279_2720175
81 91.00 423829 423889 OG_10_2247279_2720175 379480 379540 OG_10_2247279_2720175
81 94.00 355876 355928 OG_10_2247279_2720175 406976 407028 OG_10_2247279_2720175
81 91.00 379480 379540 OG_10_2247279_2720175 423829 423889 OG_10_2247279_2720175
81 84.00 355824 355928 OG_10_2247279_2720175 423940 423836 OG_10_2247279_2720175
79 89.00 215088 215161 OG_10_2247279_2720175 1472 1400 OG_10_2247279_2720175
79 89.00 51886 51952 OG_10_2247279_2720175 51802 51736 OG_10_2247279_2720175
79 89.00 340950 341017 OG_10_2247279_2720175 73540 73473 OG_10_2247279_2720175
79 83.00 114752 114871 OG_10_2247279_2720175 91763 91882 OG_10_2247279_2720175
79 84.00 281738 281840 OG_10_2247279_2720175 102464 102566 OG_10_2247279_2720175
79 84.00 398574 398676 OG_10_2247279_2720175 108166 108064 OG_10_2247279_2720175
79 83.00 91763 91882 OG_10_2247279_2720175 114752 114871 OG_10_2247279_2720175
79 95.00 132921 132967 OG_10_2247279_2720175 133463 133509 OG_10_2247279_2720175
79 91.00 306363 306430 OG_10_2247279_2720175 143395 143461 OG_10_2247279_2720175
79 88.00 273839 273914 OG_10_2247279_2720175 248475 248550 OG_10_2247279_2720175
79 88.00 306516 306591 OG_10_2247279_2720175 252518 252443 OG_10_2247279_2720175
79 91.00 47482 47541 OG_10_2247279_2720175 275250 275191 OG_10_2247279_2720175
79 91.00 143395 143461 OG_10_2247279_2720175 306363 306430 OG_10_2247279_2720175
79 88.00 252443 252518 OG_10_2247279_2720175 306591 306516 OG_10_2247279_2720175
79 92.00 410697 410752 OG_10_2247279_2720175 360562 360507 OG_10_2247279_2720175
79 92.00 410697 410752 OG_10_2247279_2720175 371965 371910 OG_10_2247279_2720175
79 88.00 406763 406838 OG_10_2247279_2720175 386461 386536 OG_10_2247279_2720175
79 88.00 386461 386536 OG_10_2247279_2720175 406763 406838 OG_10_2247279_2720175
79 92.00 371910 371965 OG_10_2247279_2720175 410752 410697 OG_10_2247279_2720175
79 92.00 360507 360562 OG_10_2247279_2720175 410752 410697 OG_10_2247279_2720175
79 87.00 412695 412776 OG_10_2247279_2720175 412979 412897 OG_10_2247279_2720175
79 93.00 450916 450975 OG_10_2247279_2720175 416340 416398 OG_10_2247279_2720175
79 93.00 416340 416398 OG_10_2247279_2720175 450916 450975 OG_10_2247279_2720175
79 85.00 97283 97395 OG_10_2247279_2720175 470297 470188 OG_10_2247279_2720175
77 94.00 118694 118743 OG_10_2247279_2720175 19001 18952 OG_10_2247279_2720175
77 92.00 143406 143467 OG_10_2247279_2720175 51736 51798 OG_10_2247279_2720175
77 90.00 51736 51798 OG_10_2247279_2720175 51952 51890 OG_10_2247279_2720175
77 85.00 205125 205224 OG_10_2247279_2720175 53414 53515 OG_10_2247279_2720175
77 95.00 404418 404464 OG_10_2247279_2720175 102670 102716 OG_10_2247279_2720175
77 92.00 400333 400387 OG_10_2247279_2720175 106854 106800 OG_10_2247279_2720175
77 95.00 21645 21689 OG_10_2247279_2720175 112332 112376 OG_10_2247279_2720175
77 91.00 138586 138653 OG_10_2247279_2720175 130769 130831 OG_10_2247279_2720175
77 95.00 133463 133509 OG_10_2247279_2720175 132921 132967 OG_10_2247279_2720175
77 91.00 130769 130831 OG_10_2247279_2720175 138586 138653 OG_10_2247279_2720175
77 92.00 51736 51798 OG_10_2247279_2720175 143406 143467 OG_10_2247279_2720175
77 83.00 102007 102120 OG_10_2247279_2720175 238978 239088 OG_10_2247279_2720175
77 88.00 314688 314758 OG_10_2247279_2720175 248319 248389 OG_10_2247279_2720175
77 88.00 252611 252685 OG_10_2247279_2720175 252518 252444 OG_10_2247279_2720175
77 88.00 252444 252518 OG_10_2247279_2720175 252685 252611 OG_10_2247279_2720175
77 87.00 412897 412979 OG_10_2247279_2720175 263451 263532 OG_10_2247279_2720175
77 100.00 263178 263216 OG_10_2247279_2720175 263491 263453 OG_10_2247279_2720175
77 88.00 248319 248389 OG_10_2247279_2720175 314688 314758 OG_10_2247279_2720175
77 87.00 414200 414278 OG_10_2247279_2720175 379302 379380 OG_10_2247279_2720175
77 87.00 423635 423713 OG_10_2247279_2720175 379302 379380 OG_10_2247279_2720175
77 84.00 404418 404516 OG_10_2247279_2720175 404516 404418 OG_10_2247279_2720175
77 95.00 102670 102716 OG_10_2247279_2720175 404418 404464 OG_10_2247279_2720175
77 87.00 379302 379380 OG_10_2247279_2720175 414200 414278 OG_10_2247279_2720175
77 87.00 379302 379380 OG_10_2247279_2720175 423635 423713 OG_10_2247279_2720175
77 83.00 273729 273836 OG_10_2247279_2720175 451765 451874 OG_10_2247279_2720175
75 91.00 306377 306434 OG_10_2247279_2720175 51949 51892 OG_10_2247279_2720175
75 83.00 238978 239088 OG_10_2247279_2720175 102007 102120 OG_10_2247279_2720175
75 95.00 21645 21688 OG_10_2247279_2720175 112375 112332 OG_10_2247279_2720175
75 84.00 60629 60721 OG_10_2247279_2720175 269279 269187 OG_10_2247279_2720175
75 91.00 51892 51949 OG_10_2247279_2720175 306434 306377 OG_10_2247279_2720175
75 90.00 410492 410553 OG_10_2247279_2720175 312391 312330 OG_10_2247279_2720175
75 94.00 404641 404690 OG_10_2247279_2720175 332490 332441 OG_10_2247279_2720175
75 87.00 410462 410535 OG_10_2247279_2720175 387795 387722 OG_10_2247279_2720175
75 94.00 332441 332490 OG_10_2247279_2720175 404690 404641 OG_10_2247279_2720175
75 87.00 387722 387795 OG_10_2247279_2720175 410535 410462 OG_10_2247279_2720175
75 90.00 312330 312391 OG_10_2247279_2720175 410553 410492 OG_10_2247279_2720175
75 85.00 263140 263216 OG_10_2247279_2720175 412698 412774 OG_10_2247279_2720175
73 90.00 275191 275250 OG_10_2247279_2720175 47541 47482 OG_10_2247279_2720175
73 89.00 191934 191998 OG_10_2247279_2720175 57163 57099 OG_10_2247279_2720175
73 84.00 269187 269279 OG_10_2247279_2720175 60721 60629 OG_10_2247279_2720175
73 89.00 102581 102645 OG_10_2247279_2720175 86026 85962 OG_10_2247279_2720175
73 95.00 332559 332603 OG_10_2247279_2720175 85980 86024 OG_10_2247279_2720175
73 86.00 126036 126124 OG_10_2247279_2720175 93598 93685 OG_10_2247279_2720175
73 85.00 470188 470297 OG_10_2247279_2720175 97395 97283 OG_10_2247279_2720175
73 89.00 85962 86026 OG_10_2247279_2720175 102645 102581 OG_10_2247279_2720175
73 92.00 5371 5423 OG_10_2247279_2720175 118695 118747 OG_10_2247279_2720175
73 86.00 93598 93685 OG_10_2247279_2720175 126036 126124 OG_10_2247279_2720175
73 87.00 252611 252683 OG_10_2247279_2720175 143561 143633 OG_10_2247279_2720175
73 89.00 57099 57163 OG_10_2247279_2720175 191998 191934 OG_10_2247279_2720175
73 87.00 143561 143633 OG_10_2247279_2720175 252611 252683 OG_10_2247279_2720175
73 89.00 47479 47543 OG_10_2247279_2720175 275116 275180 OG_10_2247279_2720175
73 85.00 330642 330737 OG_10_2247279_2720175 275254 275161 OG_10_2247279_2720175
73 91.00 47546 47602 OG_10_2247279_2720175 275205 275261 OG_10_2247279_2720175
73 97.00 102585 102625 OG_10_2247279_2720175 282903 282943 OG_10_2247279_2720175
73 86.00 314841 314921 OG_10_2247279_2720175 314758 314678 OG_10_2247279_2720175
73 86.00 314678 314758 OG_10_2247279_2720175 314921 314841 OG_10_2247279_2720175
73 89.00 275191 275254 OG_10_2247279_2720175 330705 330642 OG_10_2247279_2720175
73 95.00 85980 86024 OG_10_2247279_2720175 332559 332603 OG_10_2247279_2720175
73 88.00 73473 73540 OG_10_2247279_2720175 341017 340950 OG_10_2247279_2720175
73 92.00 414632 414684 OG_10_2247279_2720175 355928 355876 OG_10_2247279_2720175
73 92.00 406976 407028 OG_10_2247279_2720175 360509 360561 OG_10_2247279_2720175
73 92.00 406976 407028 OG_10_2247279_2720175 371912 371964 OG_10_2247279_2720175
73 92.00 360509 360561 OG_10_2247279_2720175 406976 407028 OG_10_2247279_2720175
73 92.00 371912 371964 OG_10_2247279_2720175 406976 407028 OG_10_2247279_2720175
73 84.00 139943 140037 OG_10_2247279_2720175 408390 408300 OG_10_2247279_2720175
73 92.00 355876 355928 OG_10_2247279_2720175 414684 414632 OG_10_2247279_2720175
71 89.00 52534 52597 OG_10_2247279_2720175 52425 52362 OG_10_2247279_2720175
71 91.00 340950 341009 OG_10_2247279_2720175 73574 73632 OG_10_2247279_2720175
71 83.00 99987 100101 OG_10_2247279_2720175 102118 102000 OG_10_2247279_2720175
71 97.00 282903 282942 OG_10_2247279_2720175 102585 102624 OG_10_2247279_2720175
71 88.00 333650 333717 OG_10_2247279_2720175 112426 112493 OG_10_2247279_2720175
71 87.00 206412 206483 OG_10_2247279_2720175 117114 117185 OG_10_2247279_2720175
71 84.00 53414 53515 OG_10_2247279_2720175 205125 205224 OG_10_2247279_2720175
71 87.00 117114 117185 OG_10_2247279_2720175 206412 206483 OG_10_2247279_2720175
71 88.00 306363 306430 OG_10_2247279_2720175 252683 252616 OG_10_2247279_2720175
71 82.00 330947 331089 OG_10_2247279_2720175 264929 265069 OG_10_2247279_2720175
71 93.00 306408 306455 OG_10_2247279_2720175 270514 270467 OG_10_2247279_2720175
71 88.00 252616 252683 OG_10_2247279_2720175 306430 306363 OG_10_2247279_2720175
71 93.00 270467 270514 OG_10_2247279_2720175 306455 306408 OG_10_2247279_2720175
71 91.00 423637 423692 OG_10_2247279_2720175 336867 336812 OG_10_2247279_2720175
71 91.00 414202 414257 OG_10_2247279_2720175 336867 336812 OG_10_2247279_2720175
71 90.00 410492 410551 OG_10_2247279_2720175 360721 360662 OG_10_2247279_2720175
71 90.00 106800 106854 OG_10_2247279_2720175 400387 400333 OG_10_2247279_2720175
71 90.00 360662 360721 OG_10_2247279_2720175 410551 410492 OG_10_2247279_2720175
71 86.00 263451 263532 OG_10_2247279_2720175 412897 412979 OG_10_2247279_2720175
71 91.00 336812 336867 OG_10_2247279_2720175 414257 414202 OG_10_2247279_2720175
71 91.00 336812 336867 OG_10_2247279_2720175 423692 423637 OG_10_2247279_2720175
