26630 96.00 238759 254087 OG_10_2247279_2720175 173840 158532 HEG4_chr10_2404092_2868093
25900 98.00 164570 178322 OG_10_2247279_2720175 261555 247782 HEG4_chr10_2404092_2868093
23440 98.00 336768 349394 OG_10_2247279_2720175 336373 348985 HEG4_chr10_2404092_2868093
21720 98.00 307185 319103 OG_10_2247279_2720175 306591 318492 HEG4_chr10_2404092_2868093
17550 96.00 319188 329337 OG_10_2247279_2720175 318495 328629 HEG4_chr10_2404092_2868093
16080 97.00 133470 142587 OG_10_2247279_2720175 104373 113493 HEG4_chr10_2404092_2868093
15120 97.00 229018 237355 OG_10_2247279_2720175 183125 174787 HEG4_chr10_2404092_2868093
13330 97.00 455385 462971 OG_10_2247279_2720175 447913 455484 HEG4_chr10_2404092_2868093
12160 97.00 254141 260766 OG_10_2247279_2720175 158457 151857 HEG4_chr10_2404092_2868093
11090 96.00 275895 282235 OG_10_2247279_2720175 267499 273804 HEG4_chr10_2404092_2868093
10590 99.00 144331 149832 OG_10_2247279_2720175 120055 125550 HEG4_chr10_2404092_2868093
10010 97.00 294944 300551 OG_10_2247279_2720175 294562 300161 HEG4_chr10_2404092_2868093
9630 97.00 153459 158723 OG_10_2247279_2720175 129581 134890 HEG4_chr10_2404092_2868093
9194 97.00 121105 126380 OG_10_2247279_2720175 90575 95847 HEG4_chr10_2404092_2868093
9002 97.00 300625 305581 OG_10_2247279_2720175 300163 305134 HEG4_chr10_2404092_2868093
8942 91.00 416469 423240 OG_10_2247279_2720175 427237 434080 HEG4_chr10_2404092_2868093
8663 97.00 265996 270828 OG_10_2247279_2720175 146970 142141 HEG4_chr10_2404092_2868093
8593 97.00 284982 289667 OG_10_2247279_2720175 276572 281285 HEG4_chr10_2404092_2868093
8124 95.00 74007 78972 OG_10_2247279_2720175 16676 21656 HEG4_chr10_2404092_2868093
7844 95.00 261035 265757 OG_10_2247279_2720175 151701 146969 HEG4_chr10_2404092_2868093
7404 98.00 158706 162652 OG_10_2247279_2720175 134933 138895 HEG4_chr10_2404092_2868093
7220 97.00 212180 216165 OG_10_2247279_2720175 188444 184456 HEG4_chr10_2404092_2868093
7218 97.00 113653 117722 OG_10_2247279_2720175 83427 87482 HEG4_chr10_2404092_2868093
7083 95.00 467095 471417 OG_10_2247279_2720175 459643 464002 HEG4_chr10_2404092_2868093
7023 97.00 206991 210949 OG_10_2247279_2720175 193573 189618 HEG4_chr10_2404092_2868093
6304 95.00 385624 389442 OG_10_2247279_2720175 403283 407083 HEG4_chr10_2404092_2868093
6149 96.00 333259 336767 OG_10_2247279_2720175 332614 336140 HEG4_chr10_2404092_2868093
5872 96.00 128457 131905 OG_10_2247279_2720175 97814 101250 HEG4_chr10_2404092_2868093
5773 94.00 67195 70916 OG_10_2247279_2720175 8510 12216 HEG4_chr10_2404092_2868093
5624 96.00 195876 199155 OG_10_2247279_2720175 204734 201466 HEG4_chr10_2404092_2868093
5188 95.00 382491 385623 OG_10_2247279_2720175 399583 402722 HEG4_chr10_2404092_2868093
5174 95.00 413271 416451 OG_10_2247279_2720175 424021 427157 HEG4_chr10_2404092_2868093
5122 96.00 271423 274416 OG_10_2247279_2720175 262508 265516 HEG4_chr10_2404092_2868093
5065 98.00 202294 204972 OG_10_2247279_2720175 198553 195871 HEG4_chr10_2404092_2868093
5035 97.00 292093 294946 OG_10_2247279_2720175 291683 294534 HEG4_chr10_2404092_2868093
4718 96.00 352301 355041 OG_10_2247279_2720175 351963 354743 HEG4_chr10_2404092_2868093
4464 95.00 410033 412781 OG_10_2247279_2720175 420626 423397 HEG4_chr10_2404092_2868093
4052 96.00 58205 60573 OG_10_2247279_2720175 4199 6568 HEG4_chr10_2404092_2868093
4004 96.00 86147 88536 OG_10_2247279_2720175 71370 73753 HEG4_chr10_2404092_2868093
3959 96.00 149878 152170 OG_10_2247279_2720175 125500 127796 HEG4_chr10_2404092_2868093
3862 95.00 282512 284892 OG_10_2247279_2720175 274118 276473 HEG4_chr10_2404092_2868093
3852 96.00 463010 465200 OG_10_2247279_2720175 455482 457674 HEG4_chr10_2404092_2868093
3770 95.00 366335 368727 OG_10_2247279_2720175 379046 381432 HEG4_chr10_2404092_2868093
3418 97.00 162701 164574 OG_10_2247279_2720175 139070 140932 HEG4_chr10_2404092_2868093
3247 96.00 205125 206992 OG_10_2247279_2720175 195414 193534 HEG4_chr10_2404092_2868093
3237 96.00 117723 119573 OG_10_2247279_2720175 87552 89406 HEG4_chr10_2404092_2868093
3184 94.00 192046 194094 OG_10_2247279_2720175 209570 207505 HEG4_chr10_2404092_2868093
3077 94.00 330746 332759 OG_10_2247279_2720175 330074 332087 HEG4_chr10_2404092_2868093
3025 93.00 91467 93516 OG_10_2247279_2720175 74195 76243 HEG4_chr10_2404092_2868093
3025 98.00 142752 144341 OG_10_2247279_2720175 113679 115272 HEG4_chr10_2404092_2868093
2995 91.00 70874 73112 OG_10_2247279_2720175 12226 14493 HEG4_chr10_2404092_2868093
2861 98.00 199336 200876 OG_10_2247279_2720175 201249 199713 HEG4_chr10_2404092_2868093
2857 97.00 289605 291203 OG_10_2247279_2720175 281257 282852 HEG4_chr10_2404092_2868093
2799 96.00 126362 127990 OG_10_2247279_2720175 95873 97510 HEG4_chr10_2404092_2868093
2740 92.00 465201 467091 OG_10_2247279_2720175 457706 459605 HEG4_chr10_2404092_2868093
2708 90.00 179061 181213 OG_10_2247279_2720175 216134 213961 HEG4_chr10_2404092_2868093
2617 95.00 358084 359710 OG_10_2247279_2720175 361027 362665 HEG4_chr10_2404092_2868093
2383 97.00 356377 357715 OG_10_2247279_2720175 356637 357979 HEG4_chr10_2404092_2868093
2355 97.00 305860 307185 OG_10_2247279_2720175 305132 306471 HEG4_chr10_2404092_2868093
2296 94.00 423240 424698 OG_10_2247279_2720175 435435 436890 HEG4_chr10_2404092_2868093
2230 91.00 378340 380095 OG_10_2247279_2720175 394459 396166 HEG4_chr10_2404092_2868093
2115 95.00 355062 356362 OG_10_2247279_2720175 354741 356018 HEG4_chr10_2404092_2868093
2111 97.00 210964 212149 OG_10_2247279_2720175 189626 188439 HEG4_chr10_2404092_2868093
2054 95.00 406562 407817 OG_10_2247279_2720175 417221 418483 HEG4_chr10_2404092_2868093
1828 94.00 55398 56545 OG_10_2247279_2720175 1037 2176 HEG4_chr10_2404092_2868093
1707 88.00 362907 364542 OG_10_2247279_2720175 95501 93851 HEG4_chr10_2404092_2868093
1645 97.00 120091 121032 OG_10_2247279_2720175 89407 90350 HEG4_chr10_2404092_2868093
1586 96.00 329797 330737 OG_10_2247279_2720175 329095 330040 HEG4_chr10_2404092_2868093
1552 95.00 194917 195879 OG_10_2247279_2720175 205964 204997 HEG4_chr10_2404092_2868093
1473 97.00 409208 410034 OG_10_2247279_2720175 419778 420603 HEG4_chr10_2404092_2868093
1459 93.00 97747 98727 OG_10_2247279_2720175 77161 78141 HEG4_chr10_2404092_2868093
1437 92.00 355779 356805 OG_10_2247279_2720175 363530 364558 HEG4_chr10_2404092_2868093
1435 96.00 152168 153020 OG_10_2247279_2720175 127890 128743 HEG4_chr10_2404092_2868093
1435 92.00 371280 372303 OG_10_2247279_2720175 385552 386556 HEG4_chr10_2404092_2868093
1407 95.00 449986 450851 OG_10_2247279_2720175 440904 441762 HEG4_chr10_2404092_2868093
1338 94.00 362031 362906 OG_10_2247279_2720175 378179 379050 HEG4_chr10_2404092_2868093
1316 93.00 360848 361765 OG_10_2247279_2720175 372210 373110 HEG4_chr10_2404092_2868093
1298 98.00 227601 228305 OG_10_2247279_2720175 184462 183755 HEG4_chr10_2404092_2868093
1255 95.00 275134 275875 OG_10_2247279_2720175 266771 267513 HEG4_chr10_2404092_2868093
1233 88.00 359745 360826 OG_10_2247279_2720175 370618 371699 HEG4_chr10_2404092_2868093
1170 92.00 60885 61729 OG_10_2247279_2720175 6604 7432 HEG4_chr10_2404092_2868093
1158 91.00 406505 407391 OG_10_2247279_2720175 436550 435662 HEG4_chr10_2404092_2868093
1154 97.00 54532 55177 OG_10_2247279_2720175 379 1022 HEG4_chr10_2404092_2868093
1142 91.00 194093 194929 OG_10_2247279_2720175 207270 206436 HEG4_chr10_2404092_2868093
1140 93.00 65784 66537 OG_10_2247279_2720175 7745 8504 HEG4_chr10_2404092_2868093
1120 97.00 228328 228960 OG_10_2247279_2720175 183755 183125 HEG4_chr10_2404092_2868093
1118 90.00 379186 380143 OG_10_2247279_2720175 386533 385606 HEG4_chr10_2404092_2868093
1108 91.00 381108 381985 OG_10_2247279_2720175 398241 399116 HEG4_chr10_2404092_2868093
1072 90.00 358821 359710 OG_10_2247279_2720175 368242 369134 HEG4_chr10_2404092_2868093
1059 88.00 423332 424302 OG_10_2247279_2720175 418207 417221 HEG4_chr10_2404092_2868093
1055 91.00 355421 356187 OG_10_2247279_2720175 370929 371684 HEG4_chr10_2404092_2868093
1015 95.00 131841 132459 OG_10_2247279_2720175 101252 101876 HEG4_chr10_2404092_2868093
1011 95.00 452579 453208 OG_10_2247279_2720175 444757 445396 HEG4_chr10_2404092_2868093
1007 88.00 371352 372274 OG_10_2247279_2720175 396195 395262 HEG4_chr10_2404092_2868093
934 91.00 242540 243257 OG_10_2247279_2720175 106498 105786 HEG4_chr10_2404092_2868093
910 85.00 372472 373590 OG_10_2247279_2720175 386648 387739 HEG4_chr10_2404092_2868093
896 92.00 56982 57632 OG_10_2247279_2720175 2830 3488 HEG4_chr10_2404092_2868093
894 90.00 134879 135599 OG_10_2247279_2720175 169329 170053 HEG4_chr10_2404092_2868093
880 98.00 200974 201440 OG_10_2247279_2720175 199712 199248 HEG4_chr10_2404092_2868093
870 89.00 360007 360765 OG_10_2247279_2720175 355068 355808 HEG4_chr10_2404092_2868093
870 86.00 408108 409015 OG_10_2247279_2720175 418626 419577 HEG4_chr10_2404092_2868093
862 97.00 270856 271333 OG_10_2247279_2720175 142142 141665 HEG4_chr10_2404092_2868093
854 95.00 132457 132982 OG_10_2247279_2720175 102498 103022 HEG4_chr10_2404092_2868093
842 90.00 357714 358396 OG_10_2247279_2720175 364988 365679 HEG4_chr10_2404092_2868093
823 92.00 451898 452514 OG_10_2247279_2720175 444081 444700 HEG4_chr10_2404092_2868093
795 92.00 57662 58205 OG_10_2247279_2720175 3491 4050 HEG4_chr10_2404092_2868093
795 89.00 404724 405425 OG_10_2247279_2720175 414734 415422 HEG4_chr10_2404092_2868093
779 96.00 201673 202115 OG_10_2247279_2720175 199257 198807 HEG4_chr10_2404092_2868093
775 97.00 56545 56986 OG_10_2247279_2720175 2146 2587 HEG4_chr10_2404092_2868093
769 90.00 355619 356230 OG_10_2247279_2720175 385933 386533 HEG4_chr10_2404092_2868093
767 91.00 359737 360300 OG_10_2247279_2720175 362882 363429 HEG4_chr10_2404092_2868093
741 90.00 414572 415185 OG_10_2247279_2720175 435967 436580 HEG4_chr10_2404092_2868093
731 87.00 392011 392711 OG_10_2247279_2720175 409744 410450 HEG4_chr10_2404092_2868093
714 96.00 289529 289940 OG_10_2247279_2720175 295543 295954 HEG4_chr10_2404092_2868093
714 90.00 406502 407089 OG_10_2247279_2720175 425871 425284 HEG4_chr10_2404092_2868093
710 89.00 423776 424380 OG_10_2247279_2720175 425285 425889 HEG4_chr10_2404092_2868093
708 92.00 451396 451881 OG_10_2247279_2720175 442330 442828 HEG4_chr10_2404092_2868093
704 93.00 329310 329754 OG_10_2247279_2720175 328631 329095 HEG4_chr10_2404092_2868093
698 95.00 382017 382456 OG_10_2247279_2720175 399114 399550 HEG4_chr10_2404092_2868093
686 96.00 412783 413194 OG_10_2247279_2720175 423506 423915 HEG4_chr10_2404092_2868093
686 91.00 453215 453733 OG_10_2247279_2720175 446803 447333 HEG4_chr10_2404092_2868093
684 92.00 413792 414286 OG_10_2247279_2720175 418305 417797 HEG4_chr10_2404092_2868093
682 97.00 291071 291446 OG_10_2247279_2720175 287356 287731 HEG4_chr10_2404092_2868093
666 83.00 86486 87513 OG_10_2247279_2720175 43134 44179 HEG4_chr10_2404092_2868093
662 93.00 98735 99187 OG_10_2247279_2720175 78126 78582 HEG4_chr10_2404092_2868093
662 88.00 355619 356232 OG_10_2247279_2720175 395866 395257 HEG4_chr10_2404092_2868093
660 90.00 414570 415098 OG_10_2247279_2720175 417749 417221 HEG4_chr10_2404092_2868093
640 94.00 407138 407552 OG_10_2247279_2720175 424997 424583 HEG4_chr10_2404092_2868093
634 86.00 19844 20534 OG_10_2247279_2720175 105782 106491 HEG4_chr10_2404092_2868093
634 93.00 449615 450046 OG_10_2247279_2720175 440464 440898 HEG4_chr10_2404092_2868093
628 96.00 357714 358084 OG_10_2247279_2720175 358009 358375 HEG4_chr10_2404092_2868093
622 87.00 360261 360857 OG_10_2247279_2720175 385933 386533 HEG4_chr10_2404092_2868093
620 89.00 379242 379793 OG_10_2247279_2720175 371675 371127 HEG4_chr10_2404092_2868093
607 91.00 447614 448087 OG_10_2247279_2720175 438876 439341 HEG4_chr10_2404092_2868093
605 90.00 406265 406737 OG_10_2247279_2720175 416813 417273 HEG4_chr10_2404092_2868093
603 92.00 448087 448525 OG_10_2247279_2720175 439405 439841 HEG4_chr10_2404092_2868093
595 91.00 393195 393657 OG_10_2247279_2720175 413737 414210 HEG4_chr10_2404092_2868093
583 86.00 360261 360859 OG_10_2247279_2720175 395866 395257 HEG4_chr10_2404092_2868093
575 95.00 332729 333072 OG_10_2247279_2720175 332088 332435 HEG4_chr10_2404092_2868093
563 88.00 371658 372186 OG_10_2247279_2720175 371127 371640 HEG4_chr10_2404092_2868093
561 93.00 322032 322422 OG_10_2247279_2720175 318492 318881 HEG4_chr10_2404092_2868093
553 85.00 389438 390150 OG_10_2247279_2720175 408899 409621 HEG4_chr10_2404092_2868093
547 95.00 296003 296338 OG_10_2247279_2720175 281257 281592 HEG4_chr10_2404092_2868093
541 87.00 406511 407039 OG_10_2247279_2720175 421829 421301 HEG4_chr10_2404092_2868093
527 87.00 424829 425383 OG_10_2247279_2720175 436885 437449 HEG4_chr10_2404092_2868093
525 88.00 454264 454775 OG_10_2247279_2720175 434749 435262 HEG4_chr10_2404092_2868093
523 87.00 83013 83526 OG_10_2247279_2720175 69556 70048 HEG4_chr10_2404092_2868093
519 98.00 202059 202338 OG_10_2247279_2720175 198834 198554 HEG4_chr10_2404092_2868093
517 87.00 410693 411225 OG_10_2247279_2720175 436022 436554 HEG4_chr10_2404092_2868093
515 87.00 371658 372203 OG_10_2247279_2720175 355298 355827 HEG4_chr10_2404092_2868093
513 94.00 370935 371280 OG_10_2247279_2720175 381625 381970 HEG4_chr10_2404092_2868093
509 89.00 112867 113323 OG_10_2247279_2720175 81099 81557 HEG4_chr10_2404092_2868093
505 89.00 138021 138453 OG_10_2247279_2720175 99489 99919 HEG4_chr10_2404092_2868093
504 88.00 410687 411164 OG_10_2247279_2720175 417698 417221 HEG4_chr10_2404092_2868093
498 89.00 131796 132221 OG_10_2247279_2720175 309317 308891 HEG4_chr10_2404092_2868093
494 89.00 360412 360863 OG_10_2247279_2720175 363530 363979 HEG4_chr10_2404092_2868093
494 86.00 414625 415149 OG_10_2247279_2720175 421305 421829 HEG4_chr10_2404092_2868093
494 86.00 410691 411215 OG_10_2247279_2720175 425338 425862 HEG4_chr10_2404092_2868093
490 99.00 414032 414286 OG_10_2247279_2720175 435662 435916 HEG4_chr10_2404092_2868093
480 86.00 423831 424363 OG_10_2247279_2720175 421307 421839 HEG4_chr10_2404092_2868093
472 91.00 449237 449589 OG_10_2247279_2720175 439836 440194 HEG4_chr10_2404092_2868093
468 96.00 112557 112833 OG_10_2247279_2720175 80820 81099 HEG4_chr10_2404092_2868093
466 83.00 84088 84657 OG_10_2247279_2720175 70521 71125 HEG4_chr10_2404092_2868093
460 85.00 28288 28866 OG_10_2247279_2720175 246212 245631 HEG4_chr10_2404092_2868093
458 93.00 309491 309808 OG_10_2247279_2720175 170051 169734 HEG4_chr10_2404092_2868093
458 88.00 20098 20534 OG_10_2247279_2720175 309340 308902 HEG4_chr10_2404092_2868093
458 85.00 376877 377400 OG_10_2247279_2720175 390541 391064 HEG4_chr10_2404092_2868093
452 94.00 102117 102421 OG_10_2247279_2720175 79439 79745 HEG4_chr10_2404092_2868093
452 97.00 181395 181652 OG_10_2247279_2720175 213093 212839 HEG4_chr10_2404092_2868093
446 89.00 191072 191501 OG_10_2247279_2720175 210114 209683 HEG4_chr10_2404092_2868093
446 93.00 242540 242855 OG_10_2247279_2720175 308895 309211 HEG4_chr10_2404092_2868093
446 88.00 393775 394199 OG_10_2247279_2720175 414252 414676 HEG4_chr10_2404092_2868093
442 91.00 363455 363800 OG_10_2247279_2720175 240087 240431 HEG4_chr10_2404092_2868093
440 91.00 242917 243257 OG_10_2247279_2720175 309273 309623 HEG4_chr10_2404092_2868093
434 98.00 127991 128225 OG_10_2247279_2720175 97579 97813 HEG4_chr10_2404092_2868093
432 97.00 355421 355658 OG_10_2247279_2720175 363192 363429 HEG4_chr10_2404092_2868093
428 96.00 153018 153273 OG_10_2247279_2720175 128765 129020 HEG4_chr10_2404092_2868093
428 90.00 379443 379793 OG_10_2247279_2720175 355651 355298 HEG4_chr10_2404092_2868093
426 91.00 135279 135597 OG_10_2247279_2720175 309211 308893 HEG4_chr10_2404092_2868093
422 87.00 371815 372270 OG_10_2247279_2720175 363530 363966 HEG4_chr10_2404092_2868093
422 92.00 357399 357715 OG_10_2247279_2720175 364643 364958 HEG4_chr10_2404092_2868093
422 84.00 457129 457673 OG_10_2247279_2720175 454081 453542 HEG4_chr10_2404092_2868093
420 90.00 309490 309868 OG_10_2247279_2720175 101629 101253 HEG4_chr10_2404092_2868093
420 84.00 461020 461591 OG_10_2247279_2720175 450204 449637 HEG4_chr10_2404092_2868093
414 94.00 358554 358826 OG_10_2247279_2720175 365692 365964 HEG4_chr10_2404092_2868093
410 89.00 309884 310224 OG_10_2247279_2720175 106106 105782 HEG4_chr10_2404092_2868093
406 91.00 309491 309806 OG_10_2247279_2720175 106500 106184 HEG4_chr10_2404092_2868093
402 91.00 131913 132219 OG_10_2247279_2720175 169745 170051 HEG4_chr10_2404092_2868093
400 88.00 423332 423721 OG_10_2247279_2720175 424594 424997 HEG4_chr10_2404092_2868093
398 90.00 113330 113655 OG_10_2247279_2720175 83074 83405 HEG4_chr10_2404092_2868093
392 91.00 62100 62398 OG_10_2247279_2720175 7432 7741 HEG4_chr10_2404092_2868093
392 83.00 380274 380889 OG_10_2247279_2720175 396378 396971 HEG4_chr10_2404092_2868093
391 88.00 134879 135217 OG_10_2247279_2720175 309627 309273 HEG4_chr10_2404092_2868093
387 86.00 20102 20534 OG_10_2247279_2720175 169609 170042 HEG4_chr10_2404092_2868093
383 89.00 9271 9595 OG_10_2247279_2720175 94457 94781 HEG4_chr10_2404092_2868093
383 91.00 242540 242844 OG_10_2247279_2720175 101626 101324 HEG4_chr10_2404092_2868093
381 92.00 131933 132219 OG_10_2247279_2720175 106213 106500 HEG4_chr10_2404092_2868093
377 95.00 84722 84953 OG_10_2247279_2720175 71125 71353 HEG4_chr10_2404092_2868093
377 86.00 100400 100816 OG_10_2247279_2720175 309321 308893 HEG4_chr10_2404092_2868093
375 89.00 17763 18087 OG_10_2247279_2720175 94457 94781 HEG4_chr10_2404092_2868093
367 85.00 42182 42646 OG_10_2247279_2720175 230582 231032 HEG4_chr10_2404092_2868093
365 92.00 135310 135597 OG_10_2247279_2720175 101344 101628 HEG4_chr10_2404092_2868093
361 88.00 309873 310224 OG_10_2247279_2720175 169669 169329 HEG4_chr10_2404092_2868093
359 93.00 361767 362029 OG_10_2247279_2720175 374919 375181 HEG4_chr10_2404092_2868093
355 88.00 20166 20534 OG_10_2247279_2720175 101252 101619 HEG4_chr10_2404092_2868093
345 91.00 54241 54498 OG_10_2247279_2720175 1 262 HEG4_chr10_2404092_2868093
345 91.00 83791 84081 OG_10_2247279_2720175 70163 70452 HEG4_chr10_2404092_2868093
345 82.00 115435 116055 OG_10_2247279_2720175 75219 75842 HEG4_chr10_2404092_2868093
337 92.00 248310 248550 OG_10_2247279_2720175 207267 207508 HEG4_chr10_2404092_2868093
333 94.00 179502 179729 OG_10_2247279_2720175 246621 246394 HEG4_chr10_2404092_2868093
327 93.00 179256 179500 OG_10_2247279_2720175 247202 246960 HEG4_chr10_2404092_2868093
325 97.00 231192 231371 OG_10_2247279_2720175 175811 175990 HEG4_chr10_2404092_2868093
321 94.00 133463 133672 OG_10_2247279_2720175 103040 103249 HEG4_chr10_2404092_2868093
319 86.00 125126 125485 OG_10_2247279_2720175 240432 240085 HEG4_chr10_2404092_2868093
319 91.00 191633 191876 OG_10_2247279_2720175 265500 265258 HEG4_chr10_2404092_2868093
319 91.00 19844 20092 OG_10_2247279_2720175 309627 309379 HEG4_chr10_2404092_2868093
319 95.00 408984 409176 OG_10_2247279_2720175 419589 419781 HEG4_chr10_2404092_2868093
313 92.00 100141 100377 OG_10_2247279_2720175 309627 309391 HEG4_chr10_2404092_2868093
311 81.00 92493 93117 OG_10_2247279_2720175 85212 85835 HEG4_chr10_2404092_2868093
309 92.00 155234 155457 OG_10_2247279_2720175 29953 30175 HEG4_chr10_2404092_2868093
309 96.00 236152 236331 OG_10_2247279_2720175 180771 180950 HEG4_chr10_2404092_2868093
303 85.00 96894 97234 OG_10_2247279_2720175 76465 76789 HEG4_chr10_2404092_2868093
299 83.00 130151 130577 OG_10_2247279_2720175 108927 109368 HEG4_chr10_2404092_2868093
297 92.00 96552 96773 OG_10_2247279_2720175 76248 76468 HEG4_chr10_2404092_2868093
297 92.00 133463 133672 OG_10_2247279_2720175 103118 103327 HEG4_chr10_2404092_2868093
297 94.00 379443 379636 OG_10_2247279_2720175 363723 363530 HEG4_chr10_2404092_2868093
297 89.00 454534 454809 OG_10_2247279_2720175 369976 369700 HEG4_chr10_2404092_2868093
295 85.00 100449 100816 OG_10_2247279_2720175 101252 101628 HEG4_chr10_2404092_2868093
295 91.00 455125 455344 OG_10_2247279_2720175 447676 447910 HEG4_chr10_2404092_2868093
293 90.00 414923 415155 OG_10_2247279_2720175 417273 417053 HEG4_chr10_2404092_2868093
291 93.00 133470 133672 OG_10_2247279_2720175 103203 103405 HEG4_chr10_2404092_2868093
291 93.00 133470 133672 OG_10_2247279_2720175 103281 103483 HEG4_chr10_2404092_2868093
291 93.00 133470 133672 OG_10_2247279_2720175 103359 103561 HEG4_chr10_2404092_2868093
291 93.00 133470 133672 OG_10_2247279_2720175 103437 103639 HEG4_chr10_2404092_2868093
291 93.00 133470 133672 OG_10_2247279_2720175 103515 103717 HEG4_chr10_2404092_2868093
291 93.00 133470 133672 OG_10_2247279_2720175 103593 103795 HEG4_chr10_2404092_2868093
291 93.00 133470 133672 OG_10_2247279_2720175 103671 103873 HEG4_chr10_2404092_2868093
291 93.00 133470 133672 OG_10_2247279_2720175 103749 103951 HEG4_chr10_2404092_2868093
291 93.00 133470 133672 OG_10_2247279_2720175 103827 104029 HEG4_chr10_2404092_2868093
291 93.00 133470 133672 OG_10_2247279_2720175 103905 104107 HEG4_chr10_2404092_2868093
291 93.00 133470 133672 OG_10_2247279_2720175 103983 104185 HEG4_chr10_2404092_2868093
291 93.00 133470 133672 OG_10_2247279_2720175 104061 104263 HEG4_chr10_2404092_2868093
291 93.00 133470 133672 OG_10_2247279_2720175 104139 104341 HEG4_chr10_2404092_2868093
291 93.00 133470 133672 OG_10_2247279_2720175 104217 104419 HEG4_chr10_2404092_2868093
291 93.00 133470 133672 OG_10_2247279_2720175 104295 104497 HEG4_chr10_2404092_2868093
291 90.00 314684 314918 OG_10_2247279_2720175 207503 207269 HEG4_chr10_2404092_2868093
291 90.00 373721 373959 OG_10_2247279_2720175 390311 390548 HEG4_chr10_2404092_2868093
289 90.00 100141 100381 OG_10_2247279_2720175 105782 106022 HEG4_chr10_2404092_2868093
289 86.00 100511 100816 OG_10_2247279_2720175 106184 106500 HEG4_chr10_2404092_2868093
287 85.00 188685 189044 OG_10_2247279_2720175 299806 300161 HEG4_chr10_2404092_2868093
283 91.00 314684 314918 OG_10_2247279_2720175 164081 164313 HEG4_chr10_2404092_2868093
283 86.00 296567 296925 OG_10_2247279_2720175 298048 297698 HEG4_chr10_2404092_2868093
281 98.00 204971 205124 OG_10_2247279_2720175 195606 195453 HEG4_chr10_2404092_2868093
281 94.00 179056 179232 OG_10_2247279_2720175 247373 247201 HEG4_chr10_2404092_2868093
281 86.00 298088 298410 OG_10_2247279_2720175 296534 296210 HEG4_chr10_2404092_2868093
281 90.00 248319 248545 OG_10_2247279_2720175 314310 314082 HEG4_chr10_2404092_2868093
280 86.00 100508 100816 OG_10_2247279_2720175 169733 170051 HEG4_chr10_2404092_2868093
278 93.00 243016 243206 OG_10_2247279_2720175 101097 100906 HEG4_chr10_2404092_2868093
278 82.00 156515 157017 OG_10_2247279_2720175 135639 136129 HEG4_chr10_2404092_2868093
274 93.00 309979 310167 OG_10_2247279_2720175 101097 100908 HEG4_chr10_2404092_2868093
274 95.00 359745 359914 OG_10_2247279_2720175 369392 369561 HEG4_chr10_2404092_2868093
272 92.00 97455 97651 OG_10_2247279_2720175 76820 77015 HEG4_chr10_2404092_2868093
272 92.00 131559 131755 OG_10_2247279_2720175 105834 106029 HEG4_chr10_2404092_2868093
268 92.00 134931 135124 OG_10_2247279_2720175 100903 101097 HEG4_chr10_2404092_2868093
268 91.00 133463 133665 OG_10_2247279_2720175 102962 103164 HEG4_chr10_2404092_2868093
268 88.00 424127 424362 OG_10_2247279_2720175 417273 417050 HEG4_chr10_2404092_2868093
264 88.00 19844 20092 OG_10_2247279_2720175 169329 169576 HEG4_chr10_2404092_2868093
262 89.00 51736 51961 OG_10_2247279_2720175 160162 159938 HEG4_chr10_2404092_2868093
262 86.00 238778 239084 OG_10_2247279_2720175 174614 174931 HEG4_chr10_2404092_2868093
262 90.00 379179 379394 OG_10_2247279_2720175 363980 363771 HEG4_chr10_2404092_2868093
256 89.00 165247 165475 OG_10_2247279_2720175 2814 2586 HEG4_chr10_2404092_2868093
256 89.00 284955 285184 OG_10_2247279_2720175 275848 275626 HEG4_chr10_2404092_2868093
254 91.00 131560 131755 OG_10_2247279_2720175 309574 309380 HEG4_chr10_2404092_2868093
250 93.00 367898 368073 OG_10_2247279_2720175 31939 32115 HEG4_chr10_2404092_2868093
248 90.00 164919 165123 OG_10_2247279_2720175 458803 459007 HEG4_chr10_2404092_2868093
246 97.00 347511 347646 OG_10_2247279_2720175 352353 352218 HEG4_chr10_2404092_2868093
242 87.00 190839 191062 OG_10_2247279_2720175 210529 210295 HEG4_chr10_2404092_2868093
242 85.00 364312 364631 OG_10_2247279_2720175 244309 243989 HEG4_chr10_2404092_2868093
240 89.00 78218 78443 OG_10_2247279_2720175 21991 22215 HEG4_chr10_2404092_2868093
240 97.00 450918 451054 OG_10_2247279_2720175 441771 441907 HEG4_chr10_2404092_2868093
236 94.00 295927 296081 OG_10_2247279_2720175 281147 281301 HEG4_chr10_2404092_2868093
234 87.00 434594 434823 OG_10_2247279_2720175 241221 241450 HEG4_chr10_2404092_2868093
234 93.00 377474 377639 OG_10_2247279_2720175 391399 391564 HEG4_chr10_2404092_2868093
230 88.00 164350 164569 OG_10_2247279_2720175 2947 3165 HEG4_chr10_2404092_2868093
230 88.00 100139 100381 OG_10_2247279_2720175 169327 169568 HEG4_chr10_2404092_2868093
230 94.00 189089 189237 OG_10_2247279_2720175 210928 210776 HEG4_chr10_2404092_2868093
226 91.00 410393 410562 OG_10_2247279_2720175 417958 417789 HEG4_chr10_2404092_2868093
226 91.00 410393 410562 OG_10_2247279_2720175 435755 435924 HEG4_chr10_2404092_2868093
224 81.00 159412 159900 OG_10_2247279_2720175 132663 133169 HEG4_chr10_2404092_2868093
224 92.00 60666 60831 OG_10_2247279_2720175 143907 143740 HEG4_chr10_2404092_2868093
222 82.00 177898 178272 OG_10_2247279_2720175 140159 140533 HEG4_chr10_2404092_2868093
222 81.00 188177 188657 OG_10_2247279_2720175 211485 210996 HEG4_chr10_2404092_2868093
222 87.00 122463 122709 OG_10_2247279_2720175 242115 242362 HEG4_chr10_2404092_2868093
222 89.00 124406 124614 OG_10_2247279_2720175 244100 244309 HEG4_chr10_2404092_2868093
222 90.00 36045 36224 OG_10_2247279_2720175 434405 434226 HEG4_chr10_2404092_2868093
218 93.00 133516 133665 OG_10_2247279_2720175 102937 103086 HEG4_chr10_2404092_2868093
218 88.00 377637 377830 OG_10_2247279_2720175 393613 393798 HEG4_chr10_2404092_2868093
218 92.00 414125 414282 OG_10_2247279_2720175 421007 421164 HEG4_chr10_2404092_2868093
218 92.00 423560 423717 OG_10_2247279_2720175 421007 421164 HEG4_chr10_2404092_2868093
218 92.00 410393 410550 OG_10_2247279_2720175 424836 424993 HEG4_chr10_2404092_2868093
216 90.00 131563 131755 OG_10_2247279_2720175 169385 169575 HEG4_chr10_2404092_2868093
216 82.00 163801 164149 OG_10_2247279_2720175 248203 247855 HEG4_chr10_2404092_2868093
214 85.00 216477 216790 OG_10_2247279_2720175 47077 47386 HEG4_chr10_2404092_2868093
214 83.00 28939 29298 OG_10_2247279_2720175 245368 245011 HEG4_chr10_2404092_2868093
214 87.00 85911 86125 OG_10_2247279_2720175 273529 273314 HEG4_chr10_2404092_2868093
214 99.00 451276 451387 OG_10_2247279_2720175 441911 442022 HEG4_chr10_2404092_2868093
212 90.00 100193 100381 OG_10_2247279_2720175 100903 101092 HEG4_chr10_2404092_2868093
212 94.00 338060 338198 OG_10_2247279_2720175 148986 148848 HEG4_chr10_2404092_2868093
212 88.00 178825 179019 OG_10_2247279_2720175 458830 459024 HEG4_chr10_2404092_2868093
210 87.00 165249 165477 OG_10_2247279_2720175 42402 42626 HEG4_chr10_2404092_2868093
208 97.00 186864 186980 OG_10_2247279_2720175 212668 212552 HEG4_chr10_2404092_2868093
208 87.00 466297 466495 OG_10_2247279_2720175 261206 261002 HEG4_chr10_2404092_2868093
208 86.00 314684 314918 OG_10_2247279_2720175 264781 265014 HEG4_chr10_2404092_2868093
208 94.00 454949 455081 OG_10_2247279_2720175 447328 447460 HEG4_chr10_2404092_2868093
206 86.00 451054 451280 OG_10_2247279_2720175 140908 140681 HEG4_chr10_2404092_2868093
206 90.00 363796 363967 OG_10_2247279_2720175 241932 242103 HEG4_chr10_2404092_2868093
206 90.00 124964 125131 OG_10_2247279_2720175 242099 241932 HEG4_chr10_2404092_2868093
204 88.00 19896 20089 OG_10_2247279_2720175 100903 101097 HEG4_chr10_2404092_2868093
204 85.00 248311 248549 OG_10_2247279_2720175 265015 264777 HEG4_chr10_2404092_2868093
202 86.00 248319 248550 OG_10_2247279_2720175 265524 265759 HEG4_chr10_2404092_2868093
202 88.00 284018 284218 OG_10_2247279_2720175 276774 276572 HEG4_chr10_2404092_2868093
202 91.00 407142 407299 OG_10_2247279_2720175 421164 421007 HEG4_chr10_2404092_2868093
200 87.00 200420 200627 OG_10_2247279_2720175 165774 165984 HEG4_chr10_2404092_2868093
200 87.00 246624 246834 OG_10_2247279_2720175 199962 200169 HEG4_chr10_2404092_2868093
200 96.00 185376 185492 OG_10_2247279_2720175 212668 212552 HEG4_chr10_2404092_2868093
200 86.00 334175 334407 OG_10_2247279_2720175 264778 265007 HEG4_chr10_2404092_2868093
200 94.00 368727 368855 OG_10_2247279_2720175 381459 381587 HEG4_chr10_2404092_2868093
200 84.00 38134 38412 OG_10_2247279_2720175 411325 411602 HEG4_chr10_2404092_2868093
198 99.00 260907 261009 OG_10_2247279_2720175 151794 151692 HEG4_chr10_2404092_2868093
198 93.00 187304 187446 OG_10_2247279_2720175 212532 212388 HEG4_chr10_2404092_2868093
198 96.00 179763 179878 OG_10_2247279_2720175 244937 244822 HEG4_chr10_2404092_2868093
198 88.00 410989 411176 OG_10_2247279_2720175 417273 417086 HEG4_chr10_2404092_2868093
194 86.00 143406 143633 OG_10_2247279_2720175 159947 160173 HEG4_chr10_2404092_2868093
194 92.00 9655 9796 OG_10_2247279_2720175 240191 240051 HEG4_chr10_2404092_2868093
194 88.00 366123 366334 OG_10_2247279_2720175 287944 287733 HEG4_chr10_2404092_2868093
194 87.00 122461 122664 OG_10_2247279_2720175 287733 287936 HEG4_chr10_2404092_2868093
192 85.00 273674 273914 OG_10_2247279_2720175 265758 265515 HEG4_chr10_2404092_2868093
192 95.00 352549 352669 OG_10_2247279_2720175 347249 347129 HEG4_chr10_2404092_2868093
192 88.00 361103 361301 OG_10_2247279_2720175 356746 356947 HEG4_chr10_2404092_2868093
190 87.00 469294 469510 OG_10_2247279_2720175 167247 167463 HEG4_chr10_2404092_2868093
190 85.00 377851 378092 OG_10_2247279_2720175 393835 394079 HEG4_chr10_2404092_2868093
188 91.00 73133 73282 OG_10_2247279_2720175 14561 14711 HEG4_chr10_2404092_2868093
188 81.00 136214 136534 OG_10_2247279_2720175 98828 99167 HEG4_chr10_2404092_2868093
188 91.00 200772 200914 OG_10_2247279_2720175 166111 166253 HEG4_chr10_2404092_2868093
188 88.00 1286 1473 OG_10_2247279_2720175 185482 185295 HEG4_chr10_2404092_2868093
188 88.00 9409 9595 OG_10_2247279_2720175 240431 240246 HEG4_chr10_2404092_2868093
188 85.00 314684 314918 OG_10_2247279_2720175 265754 265517 HEG4_chr10_2404092_2868093
186 86.00 252446 252672 OG_10_2247279_2720175 114560 114333 HEG4_chr10_2404092_2868093
186 92.00 18147 18288 OG_10_2247279_2720175 240191 240051 HEG4_chr10_2404092_2868093
186 85.00 445241 445470 OG_10_2247279_2720175 241221 241450 HEG4_chr10_2404092_2868093
186 93.00 379952 380081 OG_10_2247279_2720175 355098 354969 HEG4_chr10_2404092_2868093
186 88.00 1296 1474 OG_10_2247279_2720175 442838 442657 HEG4_chr10_2404092_2868093
184 89.00 263383 263539 OG_10_2247279_2720175 423460 423304 HEG4_chr10_2404092_2868093
182 86.00 451057 451277 OG_10_2247279_2720175 42407 42624 HEG4_chr10_2404092_2868093
182 83.00 252446 252685 OG_10_2247279_2720175 305633 305860 HEG4_chr10_2404092_2868093
182 88.00 451767 451934 OG_10_2247279_2720175 333604 333773 HEG4_chr10_2404092_2868093
182 91.00 263742 263880 OG_10_2247279_2720175 337676 337814 HEG4_chr10_2404092_2868093
182 92.00 379257 379394 OG_10_2247279_2720175 355833 355699 HEG4_chr10_2404092_2868093
180 90.00 208507 208657 OG_10_2247279_2720175 189207 189357 HEG4_chr10_2404092_2868093
180 90.00 211233 211383 OG_10_2247279_2720175 191907 192057 HEG4_chr10_2404092_2868093
180 87.00 17901 18087 OG_10_2247279_2720175 240431 240246 HEG4_chr10_2404092_2868093
178 85.00 451057 451277 OG_10_2247279_2720175 260872 260651 HEG4_chr10_2404092_2868093
178 98.00 271333 271426 OG_10_2247279_2720175 261985 262078 HEG4_chr10_2404092_2868093
178 96.00 377563 377668 OG_10_2247279_2720175 393640 393745 HEG4_chr10_2404092_2868093
176 87.00 451057 451252 OG_10_2247279_2720175 3143 2948 HEG4_chr10_2404092_2868093
174 87.00 57109 57300 OG_10_2247279_2720175 140719 140913 HEG4_chr10_2404092_2868093
174 83.00 306363 306583 OG_10_2247279_2720175 160173 159941 HEG4_chr10_2404092_2868093
174 89.00 334247 334400 OG_10_2247279_2720175 185365 185517 HEG4_chr10_2404092_2868093
174 84.00 37477 37731 OG_10_2247279_2720175 410647 410901 HEG4_chr10_2404092_2868093
172 89.00 340872 341018 OG_10_2247279_2720175 340636 340490 HEG4_chr10_2404092_2868093
170 81.00 129486 129825 OG_10_2247279_2720175 107116 107436 HEG4_chr10_2404092_2868093
170 89.00 285061 285213 OG_10_2247279_2720175 173662 173508 HEG4_chr10_2404092_2868093
170 92.00 181272 181392 OG_10_2247279_2720175 213924 213804 HEG4_chr10_2404092_2868093
168 84.00 451057 451280 OG_10_2247279_2720175 2807 2583 HEG4_chr10_2404092_2868093
168 93.00 99873 99988 OG_10_2247279_2720175 79337 79447 HEG4_chr10_2404092_2868093
168 88.00 136027 136203 OG_10_2247279_2720175 98600 98770 HEG4_chr10_2404092_2868093
168 84.00 334178 334407 OG_10_2247279_2720175 314082 314310 HEG4_chr10_2404092_2868093
168 86.00 356482 356683 OG_10_2247279_2720175 372456 372654 HEG4_chr10_2404092_2868093
167 89.00 309974 310121 OG_10_2247279_2720175 22762 22908 HEG4_chr10_2404092_2868093
167 87.00 451748 451918 OG_10_2247279_2720175 185333 185500 HEG4_chr10_2404092_2868093
167 89.00 248328 248471 OG_10_2247279_2720175 185515 185372 HEG4_chr10_2404092_2868093
167 87.00 334175 334344 OG_10_2247279_2720175 265757 265586 HEG4_chr10_2404092_2868093
167 82.00 451308 451606 OG_10_2247279_2720175 427198 427478 HEG4_chr10_2404092_2868093
167 85.00 245139 245354 OG_10_2247279_2720175 462084 461869 HEG4_chr10_2404092_2868093
165 85.00 361103 361301 OG_10_2247279_2720175 364235 364432 HEG4_chr10_2404092_2868093
165 86.00 248371 248550 OG_10_2247279_2720175 442838 442657 HEG4_chr10_2404092_2868093
163 83.00 165246 165475 OG_10_2247279_2720175 140913 140684 HEG4_chr10_2404092_2868093
163 84.00 52362 52609 OG_10_2247279_2720175 143697 143947 HEG4_chr10_2404092_2868093
163 86.00 178825 179002 OG_10_2247279_2720175 261179 261002 HEG4_chr10_2404092_2868093
163 89.00 215119 215254 OG_10_2247279_2720175 333757 333621 HEG4_chr10_2404092_2868093
163 86.00 336126 336319 OG_10_2247279_2720175 386039 386235 HEG4_chr10_2404092_2868093
163 92.00 412787 412904 OG_10_2247279_2720175 423473 423356 HEG4_chr10_2404092_2868093
161 87.00 92984 93140 OG_10_2247279_2720175 63223 63379 HEG4_chr10_2404092_2868093
161 94.00 9655 9759 OG_10_2247279_2720175 94847 94951 HEG4_chr10_2404092_2868093
161 94.00 18147 18251 OG_10_2247279_2720175 94847 94951 HEG4_chr10_2404092_2868093
161 94.00 309805 309909 OG_10_2247279_2720175 101250 101146 HEG4_chr10_2404092_2868093
161 90.00 237213 237355 OG_10_2247279_2720175 173515 173653 HEG4_chr10_2404092_2868093
159 89.00 134982 135129 OG_10_2247279_2720175 22908 22762 HEG4_chr10_2404092_2868093
159 86.00 243013 243207 OG_10_2247279_2720175 22764 22957 HEG4_chr10_2404092_2868093
159 90.00 117975 118105 OG_10_2247279_2720175 87420 87550 HEG4_chr10_2404092_2868093
159 82.00 120009 120290 OG_10_2247279_2720175 88803 88517 HEG4_chr10_2404092_2868093
159 85.00 408855 409064 OG_10_2247279_2720175 110455 110247 HEG4_chr10_2404092_2868093
159 84.00 51736 51952 OG_10_2247279_2720175 114549 114333 HEG4_chr10_2404092_2868093
159 88.00 9270 9413 OG_10_2247279_2720175 242075 241932 HEG4_chr10_2404092_2868093
159 84.00 366083 366332 OG_10_2247279_2720175 242363 242115 HEG4_chr10_2404092_2868093
159 98.00 284892 284975 OG_10_2247279_2720175 276509 276592 HEG4_chr10_2404092_2868093
159 84.00 314697 314918 OG_10_2247279_2720175 333565 333788 HEG4_chr10_2404092_2868093
157 85.00 355723 355924 OG_10_2247279_2720175 335494 335692 HEG4_chr10_2404092_2868093
157 86.00 93523 93693 OG_10_2247279_2720175 358377 358547 HEG4_chr10_2404092_2868093
157 85.00 336121 336319 OG_10_2247279_2720175 395765 395564 HEG4_chr10_2404092_2868093
155 90.00 394235 394365 OG_10_2247279_2720175 39560 39691 HEG4_chr10_2404092_2868093
155 87.00 1294 1456 OG_10_2247279_2720175 314260 314095 HEG4_chr10_2404092_2868093
155 85.00 379491 379687 OG_10_2247279_2720175 335692 335499 HEG4_chr10_2404092_2868093
153 94.00 20126 20222 OG_10_2247279_2720175 101146 101242 HEG4_chr10_2404092_2868093
153 93.00 246384 246488 OG_10_2247279_2720175 199713 199817 HEG4_chr10_2404092_2868093
153 86.00 178655 178804 OG_10_2247279_2720175 247528 247379 HEG4_chr10_2404092_2868093
151 85.00 215104 215276 OG_10_2247279_2720175 265533 265711 HEG4_chr10_2404092_2868093
151 88.00 83847 83997 OG_10_2247279_2720175 304631 304480 HEG4_chr10_2404092_2868093
151 89.00 306784 306917 OG_10_2247279_2720175 306574 306440 HEG4_chr10_2404092_2868093
151 85.00 371762 371960 OG_10_2247279_2720175 335497 335692 HEG4_chr10_2404092_2868093
151 82.00 121765 122020 OG_10_2247279_2720175 367315 367570 HEG4_chr10_2404092_2868093
151 89.00 314725 314859 OG_10_2247279_2720175 442703 442838 HEG4_chr10_2404092_2868093
149 83.00 100147 100381 OG_10_2247279_2720175 23004 22772 HEG4_chr10_2404092_2868093
149 94.00 191631 191724 OG_10_2247279_2720175 96705 96612 HEG4_chr10_2404092_2868093
149 89.00 314725 314861 OG_10_2247279_2720175 185341 185474 HEG4_chr10_2404092_2868093
149 91.00 1307 1416 OG_10_2247279_2720175 333717 333606 HEG4_chr10_2404092_2868093
149 84.00 336121 336319 OG_10_2247279_2720175 371231 371432 HEG4_chr10_2404092_2868093
147 87.00 238922 239084 OG_10_2247279_2720175 82905 83066 HEG4_chr10_2404092_2868093
147 87.00 285062 285212 OG_10_2247279_2720175 82918 83069 HEG4_chr10_2404092_2868093
147 86.00 129258 129428 OG_10_2247279_2720175 106928 107105 HEG4_chr10_2404092_2868093
147 84.00 171509 171702 OG_10_2247279_2720175 140339 140532 HEG4_chr10_2404092_2868093
147 87.00 334185 334336 OG_10_2247279_2720175 169178 169328 HEG4_chr10_2404092_2868093
147 90.00 314717 314841 OG_10_2247279_2720175 169203 169328 HEG4_chr10_2404092_2868093
147 87.00 376728 376877 OG_10_2247279_2720175 234433 234582 HEG4_chr10_2404092_2868093
147 84.00 163981 164174 OG_10_2247279_2720175 254584 254391 HEG4_chr10_2404092_2868093
147 87.00 238934 239088 OG_10_2247279_2720175 276651 276803 HEG4_chr10_2404092_2868093
147 86.00 215149 215307 OG_10_2247279_2720175 442836 442675 HEG4_chr10_2404092_2868093
145 84.00 165246 165450 OG_10_2247279_2720175 3151 2948 HEG4_chr10_2404092_2868093
145 85.00 451765 451954 OG_10_2247279_2720175 264831 265019 HEG4_chr10_2404092_2868093
145 89.00 166712 166839 OG_10_2247279_2720175 266770 266895 HEG4_chr10_2404092_2868093
145 93.00 243264 243364 OG_10_2247279_2720175 333710 333610 HEG4_chr10_2404092_2868093
145 86.00 248312 248471 OG_10_2247279_2720175 333788 333628 HEG4_chr10_2404092_2868093
145 81.00 392822 393068 OG_10_2247279_2720175 413390 413634 HEG4_chr10_2404092_2868093
145 87.00 275134 275262 OG_10_2247279_2720175 446680 446552 HEG4_chr10_2404092_2868093
143 82.00 164323 164574 OG_10_2247279_2720175 2583 2834 HEG4_chr10_2404092_2868093
143 86.00 114668 114819 OG_10_2247279_2720175 61908 62059 HEG4_chr10_2404092_2868093
143 90.00 42032 42150 OG_10_2247279_2720175 230399 230518 HEG4_chr10_2404092_2868093
143 87.00 17762 17905 OG_10_2247279_2720175 242075 241932 HEG4_chr10_2404092_2868093
141 90.00 284015 284140 OG_10_2247279_2720175 83044 82919 HEG4_chr10_2404092_2868093
141 98.00 162701 162778 OG_10_2247279_2720175 138974 139052 HEG4_chr10_2404092_2868093
141 95.00 243264 243350 OG_10_2247279_2720175 185454 185368 HEG4_chr10_2404092_2868093
141 83.00 273674 273905 OG_10_2247279_2720175 207507 207276 HEG4_chr10_2404092_2868093
141 84.00 336121 336319 OG_10_2247279_2720175 355402 355603 HEG4_chr10_2404092_2868093
139 88.00 115936 116065 OG_10_2247279_2720175 63237 63366 HEG4_chr10_2404092_2868093
139 94.00 152507 152599 OG_10_2247279_2720175 127795 127888 HEG4_chr10_2404092_2868093
139 82.00 164326 164555 OG_10_2247279_2720175 260651 260880 HEG4_chr10_2404092_2868093
139 88.00 243264 243389 OG_10_2247279_2720175 314240 314115 HEG4_chr10_2404092_2868093
139 84.00 102465 102642 OG_10_2247279_2720175 331770 331947 HEG4_chr10_2404092_2868093
139 89.00 243264 243381 OG_10_2247279_2720175 442820 442703 HEG4_chr10_2404092_2868093
137 86.00 91556 91700 OG_10_2247279_2720175 84321 84465 HEG4_chr10_2404092_2868093
137 83.00 273691 273896 OG_10_2247279_2720175 185312 185515 HEG4_chr10_2404092_2868093
137 96.00 370849 370929 OG_10_2247279_2720175 381587 381667 HEG4_chr10_2404092_2868093
137 88.00 334219 334344 OG_10_2247279_2720175 442703 442828 HEG4_chr10_2404092_2868093
137 88.00 394236 394362 OG_10_2247279_2720175 442839 442965 HEG4_chr10_2404092_2868093
135 87.00 19947 20094 OG_10_2247279_2720175 22908 22762 HEG4_chr10_2404092_2868093
135 82.00 273674 273905 OG_10_2247279_2720175 164077 164306 HEG4_chr10_2404092_2868093
135 87.00 257502 257633 OG_10_2247279_2720175 225373 225513 HEG4_chr10_2404092_2868093
135 87.00 164940 165071 OG_10_2247279_2720175 442299 442168 HEG4_chr10_2404092_2868093
133 92.00 285062 285154 OG_10_2247279_2720175 81719 81627 HEG4_chr10_2404092_2868093
133 84.00 215135 215308 OG_10_2247279_2720175 207316 207491 HEG4_chr10_2404092_2868093
133 86.00 370853 371010 OG_10_2247279_2720175 325127 324970 HEG4_chr10_2404092_2868093
133 91.00 413142 413247 OG_10_2247279_2720175 424022 423916 HEG4_chr10_2404092_2868093
133 85.00 453954 454115 OG_10_2247279_2720175 434589 434751 HEG4_chr10_2404092_2868093
131 79.00 114306 114655 OG_10_2247279_2720175 59584 59924 HEG4_chr10_2404092_2868093
131 91.00 100409 100506 OG_10_2247279_2720175 101146 101243 HEG4_chr10_2404092_2868093
131 89.00 263410 263521 OG_10_2247279_2720175 149467 149578 HEG4_chr10_2404092_2868093
131 88.00 243272 243389 OG_10_2247279_2720175 265604 265721 HEG4_chr10_2404092_2868093
131 90.00 243274 243379 OG_10_2247279_2720175 265928 265823 HEG4_chr10_2404092_2868093
131 83.00 37801 38010 OG_10_2247279_2720175 410998 411204 HEG4_chr10_2404092_2868093
131 86.00 273720 273853 OG_10_2247279_2720175 442703 442838 HEG4_chr10_2404092_2868093
129 84.00 164388 164571 OG_10_2247279_2720175 42564 42383 HEG4_chr10_2404092_2868093
129 90.00 412800 412904 OG_10_2247279_2720175 149344 149240 HEG4_chr10_2404092_2868093
129 89.00 451764 451883 OG_10_2247279_2720175 207454 207336 HEG4_chr10_2404092_2868093
129 83.00 102464 102646 OG_10_2247279_2720175 273307 273478 HEG4_chr10_2404092_2868093
129 88.00 215138 215250 OG_10_2247279_2720175 314267 314155 HEG4_chr10_2404092_2868093
129 83.00 360362 360557 OG_10_2247279_2720175 335500 335692 HEG4_chr10_2404092_2868093
127 82.00 87807 88025 OG_10_2247279_2720175 44473 44685 HEG4_chr10_2404092_2868093
127 84.00 366084 366323 OG_10_2247279_2720175 92179 91942 HEG4_chr10_2404092_2868093
127 86.00 215104 215247 OG_10_2247279_2720175 164297 164155 HEG4_chr10_2404092_2868093
127 88.00 285062 285186 OG_10_2247279_2720175 174779 174903 HEG4_chr10_2404092_2868093
127 83.00 334175 334367 OG_10_2247279_2720175 207506 207316 HEG4_chr10_2404092_2868093
127 93.00 371353 371441 OG_10_2247279_2720175 363055 363145 HEG4_chr10_2404092_2868093
127 95.00 380026 380105 OG_10_2247279_2720175 363153 363074 HEG4_chr10_2404092_2868093
127 97.00 359639 359710 OG_10_2247279_2720175 370336 370407 HEG4_chr10_2404092_2868093
127 93.00 371353 371441 OG_10_2247279_2720175 370792 370882 HEG4_chr10_2404092_2868093
127 95.00 380026 380105 OG_10_2247279_2720175 370890 370811 HEG4_chr10_2404092_2868093
125 86.00 434665 434814 OG_10_2247279_2720175 48972 49122 HEG4_chr10_2404092_2868093
125 95.00 132894 132967 OG_10_2247279_2720175 103013 103086 HEG4_chr10_2404092_2868093
125 82.00 306363 306588 OG_10_2247279_2720175 114560 114322 HEG4_chr10_2404092_2868093
125 87.00 159953 160075 OG_10_2247279_2720175 127172 127284 HEG4_chr10_2404092_2868093
125 82.00 372552 372859 OG_10_2247279_2720175 372445 372746 HEG4_chr10_2404092_2868093
125 85.00 466316 466460 OG_10_2247279_2720175 442295 442151 HEG4_chr10_2404092_2868093
123 97.00 333647 333716 OG_10_2247279_2720175 39695 39626 HEG4_chr10_2404092_2868093
123 85.00 241115 241269 OG_10_2247279_2720175 171076 171232 HEG4_chr10_2404092_2868093
123 89.00 243264 243377 OG_10_2247279_2720175 207346 207458 HEG4_chr10_2404092_2868093
123 79.00 178496 178767 OG_10_2247279_2720175 216469 216178 HEG4_chr10_2404092_2868093
123 83.00 57109 57302 OG_10_2247279_2720175 260686 260882 HEG4_chr10_2404092_2868093
123 90.00 248319 248424 OG_10_2247279_2720175 336142 336246 HEG4_chr10_2404092_2868093
121 88.00 138984 139092 OG_10_2247279_2720175 100535 100643 HEG4_chr10_2404092_2868093
121 95.00 132896 132967 OG_10_2247279_2720175 103093 103164 HEG4_chr10_2404092_2868093
121 90.00 412688 412783 OG_10_2247279_2720175 149188 149283 HEG4_chr10_2404092_2868093
121 87.00 1294 1424 OG_10_2247279_2720175 207326 207457 HEG4_chr10_2404092_2868093
121 84.00 178075 178231 OG_10_2247279_2720175 212936 212780 HEG4_chr10_2404092_2868093
121 82.00 332441 332623 OG_10_2247279_2720175 273308 273479 HEG4_chr10_2404092_2868093
121 87.00 238936 239060 OG_10_2247279_2720175 275747 275623 HEG4_chr10_2404092_2868093
121 88.00 237240 237355 OG_10_2247279_2720175 276774 276660 HEG4_chr10_2404092_2868093
121 81.00 143394 143633 OG_10_2247279_2720175 305859 305633 HEG4_chr10_2404092_2868093
121 83.00 336142 336317 OG_10_2247279_2720175 404207 404385 HEG4_chr10_2404092_2868093
121 88.00 36546 36658 OG_10_2247279_2720175 434201 434089 HEG4_chr10_2404092_2868093
121 93.00 418078 418163 OG_10_2247279_2720175 444539 444620 HEG4_chr10_2404092_2868093
121 87.00 166712 166839 OG_10_2247279_2720175 446681 446556 HEG4_chr10_2404092_2868093
119 82.00 333306 333510 OG_10_2247279_2720175 40077 39890 HEG4_chr10_2404092_2868093
119 90.00 115656 115751 OG_10_2247279_2720175 62948 63043 HEG4_chr10_2404092_2868093
119 85.00 243264 243425 OG_10_2247279_2720175 264937 264777 HEG4_chr10_2404092_2868093
119 86.00 1286 1424 OG_10_2247279_2720175 265566 265708 HEG4_chr10_2404092_2868093
119 88.00 1335 1453 OG_10_2247279_2720175 265915 265796 HEG4_chr10_2404092_2868093
119 88.00 237237 237355 OG_10_2247279_2720175 275623 275740 HEG4_chr10_2404092_2868093
117 83.00 57113 57299 OG_10_2247279_2720175 2625 2814 HEG4_chr10_2404092_2868093
117 86.00 112426 112553 OG_10_2247279_2720175 39692 39564 HEG4_chr10_2404092_2868093
117 86.00 237234 237355 OG_10_2247279_2720175 83047 82926 HEG4_chr10_2404092_2868093
117 83.00 215104 215277 OG_10_2247279_2720175 264998 264823 HEG4_chr10_2404092_2868093
117 86.00 451764 451905 OG_10_2247279_2720175 265705 265561 HEG4_chr10_2404092_2868093
117 81.00 51747 51952 OG_10_2247279_2720175 305655 305847 HEG4_chr10_2404092_2868093
117 81.00 352678 352853 OG_10_2247279_2720175 353311 353124 HEG4_chr10_2404092_2868093
117 91.00 359901 359996 OG_10_2247279_2720175 385618 385714 HEG4_chr10_2404092_2868093
115 90.00 61852 61952 OG_10_2247279_2720175 16195 16296 HEG4_chr10_2404092_2868093
115 83.00 57106 57297 OG_10_2247279_2720175 42592 42402 HEG4_chr10_2404092_2868093
115 85.00 237213 237355 OG_10_2247279_2720175 81570 81711 HEG4_chr10_2404092_2868093
115 86.00 156267 156398 OG_10_2247279_2720175 122567 122690 HEG4_chr10_2404092_2868093
115 86.00 146847 146970 OG_10_2247279_2720175 132415 132546 HEG4_chr10_2404092_2868093
115 87.00 284015 284140 OG_10_2247279_2720175 173536 173660 HEG4_chr10_2404092_2868093
115 85.00 181653 181760 OG_10_2247279_2720175 212809 212686 HEG4_chr10_2404092_2868093
115 93.00 248473 248550 OG_10_2247279_2720175 336210 336133 HEG4_chr10_2404092_2868093
115 88.00 378132 378248 OG_10_2247279_2720175 394172 394289 HEG4_chr10_2404092_2868093
115 94.00 378263 378340 OG_10_2247279_2720175 394360 394436 HEG4_chr10_2404092_2868093
115 92.00 109532 109613 OG_10_2247279_2720175 450833 450752 HEG4_chr10_2404092_2868093
113 91.00 284048 284140 OG_10_2247279_2720175 81627 81718 HEG4_chr10_2404092_2868093
113 84.00 334175 334343 OG_10_2247279_2720175 164078 164243 HEG4_chr10_2404092_2868093
113 95.00 248481 248549 OG_10_2247279_2720175 164246 164314 HEG4_chr10_2404092_2868093
113 90.00 215165 215250 OG_10_2247279_2720175 169328 169243 HEG4_chr10_2404092_2868093
113 93.00 248473 248549 OG_10_2247279_2720175 207344 207268 HEG4_chr10_2404092_2868093
113 86.00 376753 376877 OG_10_2247279_2720175 233656 233532 HEG4_chr10_2404092_2868093
113 87.00 166712 166836 OG_10_2247279_2720175 259286 259410 HEG4_chr10_2404092_2868093
113 83.00 1293 1473 OG_10_2247279_2720175 264958 264777 HEG4_chr10_2404092_2868093
113 88.00 18674 18793 OG_10_2247279_2720175 439073 439192 HEG4_chr10_2404092_2868093
111 84.00 386586 386729 OG_10_2247279_2720175 335547 335690 HEG4_chr10_2404092_2868093
111 81.00 361092 361378 OG_10_2247279_2720175 386728 387017 HEG4_chr10_2404092_2868093
111 85.00 178828 178967 OG_10_2247279_2720175 442290 442151 HEG4_chr10_2404092_2868093
109 93.00 274312 274385 OG_10_2247279_2720175 96610 96683 HEG4_chr10_2404092_2868093
109 92.00 133592 133670 OG_10_2247279_2720175 102935 103013 HEG4_chr10_2404092_2868093
109 92.00 248473 248551 OG_10_2247279_2720175 265592 265514 HEG4_chr10_2404092_2868093
109 86.00 166712 166837 OG_10_2247279_2720175 266873 266750 HEG4_chr10_2404092_2868093
109 87.00 85124 85243 OG_10_2247279_2720175 274410 274296 HEG4_chr10_2404092_2868093
109 85.00 328527 328660 OG_10_2247279_2720175 462009 461870 HEG4_chr10_2404092_2868093
107 86.00 282949 283065 OG_10_2247279_2720175 39688 39572 HEG4_chr10_2404092_2868093
107 83.00 451710 451880 OG_10_2247279_2720175 164076 164243 HEG4_chr10_2404092_2868093
107 92.00 1335 1412 OG_10_2247279_2720175 169305 169228 HEG4_chr10_2404092_2868093
107 86.00 275142 275250 OG_10_2247279_2720175 259382 259272 HEG4_chr10_2404092_2868093
107 85.00 451731 451860 OG_10_2247279_2720175 265796 265925 HEG4_chr10_2404092_2868093
107 87.00 273805 273916 OG_10_2247279_2720175 336241 336131 HEG4_chr10_2404092_2868093
107 85.00 353418 353551 OG_10_2247279_2720175 352537 352404 HEG4_chr10_2404092_2868093
107 84.00 140051 140197 OG_10_2247279_2720175 418724 418577 HEG4_chr10_2404092_2868093
105 93.00 132896 132967 OG_10_2247279_2720175 104497 104568 HEG4_chr10_2404092_2868093
105 87.00 451765 451873 OG_10_2247279_2720175 169220 169328 HEG4_chr10_2404092_2868093
105 81.00 373961 374195 OG_10_2247279_2720175 234583 234350 HEG4_chr10_2404092_2868093
105 85.00 451764 451883 OG_10_2247279_2720175 314131 314250 HEG4_chr10_2404092_2868093
105 93.00 394294 394365 OG_10_2247279_2720175 333077 333006 HEG4_chr10_2404092_2868093
105 89.00 372392 372485 OG_10_2247279_2720175 386540 386629 HEG4_chr10_2404092_2868093
103 93.00 355185 355259 OG_10_2247279_2720175 101719 101647 HEG4_chr10_2404092_2868093
103 88.00 373987 374086 OG_10_2247279_2720175 233557 233656 HEG4_chr10_2404092_2868093
103 94.00 309977 310044 OG_10_2247279_2720175 244378 244311 HEG4_chr10_2404092_2868093
103 93.00 132239 132311 OG_10_2247279_2720175 354938 354864 HEG4_chr10_2404092_2868093
103 87.00 112455 112553 OG_10_2247279_2720175 442940 442842 HEG4_chr10_2404092_2868093
101 83.00 118693 118855 OG_10_2247279_2720175 89606 89449 HEG4_chr10_2404092_2868093
101 100.00 149830 149880 OG_10_2247279_2720175 125500 125550 HEG4_chr10_2404092_2868093
101 100.00 158716 158766 OG_10_2247279_2720175 133202 133252 HEG4_chr10_2404092_2868093
101 82.00 273731 273912 OG_10_2247279_2720175 333604 333788 HEG4_chr10_2404092_2868093
101 88.00 359912 360007 OG_10_2247279_2720175 354936 355027 HEG4_chr10_2404092_2868093
101 90.00 112467 112553 OG_10_2247279_2720175 388340 388255 HEG4_chr10_2404092_2868093
101 92.00 332440 332510 OG_10_2247279_2720175 389183 389113 HEG4_chr10_2404092_2868093
101 88.00 37373 37467 OG_10_2247279_2720175 410523 410617 HEG4_chr10_2404092_2868093
101 86.00 263383 263487 OG_10_2247279_2720175 423523 423627 HEG4_chr10_2404092_2868093
101 89.00 416624 416710 OG_10_2247279_2720175 442454 442540 HEG4_chr10_2404092_2868093
101 84.00 85985 86123 OG_10_2247279_2720175 443924 444062 HEG4_chr10_2404092_2868093
99 88.00 408300 408390 OG_10_2247279_2720175 110943 110849 HEG4_chr10_2404092_2868093
99 84.00 263148 263250 OG_10_2247279_2720175 149206 149308 HEG4_chr10_2404092_2868093
99 85.00 102000 102116 OG_10_2247279_2720175 174814 174931 HEG4_chr10_2404092_2868093
99 88.00 181555 181648 OG_10_2247279_2720175 248026 247933 HEG4_chr10_2404092_2868093
99 91.00 47470 47543 OG_10_2247279_2720175 259417 259344 HEG4_chr10_2404092_2868093
99 91.00 47470 47543 OG_10_2247279_2720175 266744 266817 HEG4_chr10_2404092_2868093
99 90.00 334199 334275 OG_10_2247279_2720175 336324 336248 HEG4_chr10_2404092_2868093
99 86.00 355240 355348 OG_10_2247279_2720175 363038 363156 HEG4_chr10_2404092_2868093
99 86.00 355240 355348 OG_10_2247279_2720175 370775 370893 HEG4_chr10_2404092_2868093
99 90.00 377664 377740 OG_10_2247279_2720175 391488 391564 HEG4_chr10_2404092_2868093
99 95.00 378177 378238 OG_10_2247279_2720175 394421 394482 HEG4_chr10_2404092_2868093
99 91.00 97332 97404 OG_10_2247279_2720175 440301 440373 HEG4_chr10_2404092_2868093
97 84.00 131611 131755 OG_10_2247279_2720175 22907 22765 HEG4_chr10_2404092_2868093
97 92.00 88177 88245 OG_10_2247279_2720175 44834 44902 HEG4_chr10_2404092_2868093
97 80.00 88292 88512 OG_10_2247279_2720175 44946 45166 HEG4_chr10_2404092_2868093
97 84.00 238922 239061 OG_10_2247279_2720175 81732 81592 HEG4_chr10_2404092_2868093
97 91.00 132896 132967 OG_10_2247279_2720175 103171 103242 HEG4_chr10_2404092_2868093
97 91.00 132896 132967 OG_10_2247279_2720175 103249 103320 HEG4_chr10_2404092_2868093
97 91.00 132896 132967 OG_10_2247279_2720175 103327 103398 HEG4_chr10_2404092_2868093
97 91.00 132896 132967 OG_10_2247279_2720175 103405 103476 HEG4_chr10_2404092_2868093
97 91.00 132896 132967 OG_10_2247279_2720175 103483 103554 HEG4_chr10_2404092_2868093
97 91.00 132896 132967 OG_10_2247279_2720175 103561 103632 HEG4_chr10_2404092_2868093
97 91.00 132896 132967 OG_10_2247279_2720175 103639 103710 HEG4_chr10_2404092_2868093
97 91.00 132896 132967 OG_10_2247279_2720175 103717 103788 HEG4_chr10_2404092_2868093
97 91.00 132896 132967 OG_10_2247279_2720175 103795 103866 HEG4_chr10_2404092_2868093
97 91.00 132896 132967 OG_10_2247279_2720175 103873 103944 HEG4_chr10_2404092_2868093
97 91.00 132896 132967 OG_10_2247279_2720175 103951 104022 HEG4_chr10_2404092_2868093
97 91.00 132896 132967 OG_10_2247279_2720175 104029 104100 HEG4_chr10_2404092_2868093
97 91.00 132896 132967 OG_10_2247279_2720175 104107 104178 HEG4_chr10_2404092_2868093
97 91.00 132896 132967 OG_10_2247279_2720175 104185 104256 HEG4_chr10_2404092_2868093
97 91.00 132896 132967 OG_10_2247279_2720175 104263 104334 HEG4_chr10_2404092_2868093
97 91.00 132896 132967 OG_10_2247279_2720175 104341 104412 HEG4_chr10_2404092_2868093
97 91.00 132896 132967 OG_10_2247279_2720175 104419 104490 HEG4_chr10_2404092_2868093
97 96.00 21645 21699 OG_10_2247279_2720175 134946 134892 HEG4_chr10_2404092_2868093
97 96.00 21645 21699 OG_10_2247279_2720175 134893 134947 HEG4_chr10_2404092_2868093
97 96.00 21645 21699 OG_10_2247279_2720175 134948 134894 HEG4_chr10_2404092_2868093
97 96.00 21645 21699 OG_10_2247279_2720175 134895 134949 HEG4_chr10_2404092_2868093
97 96.00 21645 21699 OG_10_2247279_2720175 134950 134896 HEG4_chr10_2404092_2868093
97 89.00 314727 314818 OG_10_2247279_2720175 265823 265915 HEG4_chr10_2404092_2868093
97 87.00 324050 324153 OG_10_2247279_2720175 306552 306451 HEG4_chr10_2404092_2868093
97 80.00 273712 273912 OG_10_2247279_2720175 314115 314317 HEG4_chr10_2404092_2868093
97 90.00 433475 433558 OG_10_2247279_2720175 398221 398140 HEG4_chr10_2404092_2868093
97 80.00 252444 252686 OG_10_2247279_2720175 416668 416426 HEG4_chr10_2404092_2868093
97 86.00 355824 355928 OG_10_2247279_2720175 417583 417687 HEG4_chr10_2404092_2868093
97 88.00 139463 139551 OG_10_2247279_2720175 419490 419402 HEG4_chr10_2404092_2868093
95 88.00 91413 91500 OG_10_2247279_2720175 59692 59779 HEG4_chr10_2404092_2868093
95 84.00 114557 114684 OG_10_2247279_2720175 74284 74411 HEG4_chr10_2404092_2868093
95 96.00 21645 21698 OG_10_2247279_2720175 134897 134950 HEG4_chr10_2404092_2868093
95 90.00 270320 270399 OG_10_2247279_2720175 142408 142487 HEG4_chr10_2404092_2868093
95 90.00 252443 252518 OG_10_2247279_2720175 305861 305786 HEG4_chr10_2404092_2868093
95 92.00 423635 423702 OG_10_2247279_2720175 311819 311752 HEG4_chr10_2404092_2868093
95 92.00 414200 414267 OG_10_2247279_2720175 311819 311752 HEG4_chr10_2404092_2868093
95 90.00 248473 248548 OG_10_2247279_2720175 314242 314317 HEG4_chr10_2404092_2868093
95 92.00 387727 387794 OG_10_2247279_2720175 355729 355796 HEG4_chr10_2404092_2868093
95 92.00 387727 387794 OG_10_2247279_2720175 363801 363868 HEG4_chr10_2404092_2868093
95 96.00 410697 410752 OG_10_2247279_2720175 371437 371382 HEG4_chr10_2404092_2868093
95 94.00 407483 407552 OG_10_2247279_2720175 420825 420754 HEG4_chr10_2404092_2868093
93 89.00 135504 135582 OG_10_2247279_2720175 22465 22387 HEG4_chr10_2404092_2868093
93 83.00 445312 445461 OG_10_2247279_2720175 48972 49122 HEG4_chr10_2404092_2868093
93 98.00 21650 21699 OG_10_2247279_2720175 134892 134941 HEG4_chr10_2404092_2868093
93 98.00 157050 157100 OG_10_2247279_2720175 134943 134993 HEG4_chr10_2404092_2868093
93 82.00 241354 241510 OG_10_2247279_2720175 171316 171470 HEG4_chr10_2404092_2868093
93 98.00 47549 47599 OG_10_2247279_2720175 259314 259264 HEG4_chr10_2404092_2868093
93 89.00 407146 407224 OG_10_2247279_2720175 311741 311819 HEG4_chr10_2404092_2868093
93 83.00 336177 336319 OG_10_2247279_2720175 363530 363675 HEG4_chr10_2404092_2868093
93 98.00 372418 372468 OG_10_2247279_2720175 372241 372291 HEG4_chr10_2404092_2868093
93 88.00 356040 356126 OG_10_2247279_2720175 405366 405452 HEG4_chr10_2404092_2868093
93 89.00 423612 423694 OG_10_2247279_2720175 405470 405388 HEG4_chr10_2404092_2868093
93 90.00 392733 392806 OG_10_2247279_2720175 412968 413044 HEG4_chr10_2404092_2868093
93 86.00 51866 51963 OG_10_2247279_2720175 416526 416429 HEG4_chr10_2404092_2868093
93 89.00 387730 387812 OG_10_2247279_2720175 435889 435807 HEG4_chr10_2404092_2868093
93 85.00 166712 166833 OG_10_2247279_2720175 446578 446697 HEG4_chr10_2404092_2868093
91 91.00 369321 369390 OG_10_2247279_2720175 4054 4123 HEG4_chr10_2404092_2868093
91 91.00 18147 18219 OG_10_2247279_2720175 65000 64927 HEG4_chr10_2404092_2868093
91 91.00 9655 9727 OG_10_2247279_2720175 65000 64927 HEG4_chr10_2404092_2868093
91 85.00 102000 102120 OG_10_2247279_2720175 81683 81563 HEG4_chr10_2404092_2868093
91 84.00 99987 100112 OG_10_2247279_2720175 83068 82943 HEG4_chr10_2404092_2868093
91 89.00 412698 412774 OG_10_2247279_2720175 149586 149510 HEG4_chr10_2404092_2868093
91 84.00 102000 102120 OG_10_2247279_2720175 173625 173508 HEG4_chr10_2404092_2868093
91 91.00 1400 1472 OG_10_2247279_2720175 185458 185531 HEG4_chr10_2404092_2868093
91 100.00 47476 47521 OG_10_2247279_2720175 259266 259311 HEG4_chr10_2404092_2868093
91 89.00 248473 248550 OG_10_2247279_2720175 264939 265016 HEG4_chr10_2404092_2868093
91 93.00 356371 356432 OG_10_2247279_2720175 386659 386720 HEG4_chr10_2404092_2868093
91 94.00 43849 43905 OG_10_2247279_2720175 412820 412876 HEG4_chr10_2404092_2868093
91 93.00 413867 413938 OG_10_2247279_2720175 420752 420825 HEG4_chr10_2404092_2868093
89 88.00 242553 242633 OG_10_2247279_2720175 22387 22467 HEG4_chr10_2404092_2868093
89 82.00 50492 50626 OG_10_2247279_2720175 58442 58580 HEG4_chr10_2404092_2868093
89 94.00 21645 21699 OG_10_2247279_2720175 134871 134925 HEG4_chr10_2404092_2868093
89 94.00 21645 21699 OG_10_2247279_2720175 134926 134872 HEG4_chr10_2404092_2868093
89 94.00 21645 21699 OG_10_2247279_2720175 134873 134927 HEG4_chr10_2404092_2868093
89 94.00 21645 21699 OG_10_2247279_2720175 134928 134874 HEG4_chr10_2404092_2868093
89 94.00 21645 21699 OG_10_2247279_2720175 134875 134929 HEG4_chr10_2404092_2868093
89 94.00 21645 21699 OG_10_2247279_2720175 134930 134876 HEG4_chr10_2404092_2868093
89 94.00 21645 21699 OG_10_2247279_2720175 134877 134931 HEG4_chr10_2404092_2868093
89 94.00 21645 21699 OG_10_2247279_2720175 134932 134878 HEG4_chr10_2404092_2868093
89 94.00 21645 21699 OG_10_2247279_2720175 134879 134933 HEG4_chr10_2404092_2868093
89 94.00 21645 21699 OG_10_2247279_2720175 134934 134880 HEG4_chr10_2404092_2868093
89 94.00 21645 21699 OG_10_2247279_2720175 134881 134935 HEG4_chr10_2404092_2868093
89 94.00 21645 21699 OG_10_2247279_2720175 134936 134882 HEG4_chr10_2404092_2868093
89 94.00 21645 21699 OG_10_2247279_2720175 134883 134937 HEG4_chr10_2404092_2868093
89 94.00 21645 21699 OG_10_2247279_2720175 134938 134884 HEG4_chr10_2404092_2868093
89 94.00 21645 21699 OG_10_2247279_2720175 134940 134886 HEG4_chr10_2404092_2868093
89 89.00 187140 187216 OG_10_2247279_2720175 145313 145237 HEG4_chr10_2404092_2868093
89 88.00 83630 83710 OG_10_2247279_2720175 159793 159713 HEG4_chr10_2404092_2868093
89 97.00 189230 189278 OG_10_2247279_2720175 210599 210551 HEG4_chr10_2404092_2868093
89 90.00 273674 273749 OG_10_2247279_2720175 265516 265590 HEG4_chr10_2404092_2868093
89 92.00 85673 85737 OG_10_2247279_2720175 273763 273699 HEG4_chr10_2404092_2868093
89 84.00 306651 306767 OG_10_2247279_2720175 323798 323682 HEG4_chr10_2404092_2868093
89 85.00 314806 314918 OG_10_2247279_2720175 336246 336135 HEG4_chr10_2404092_2868093
89 86.00 215104 215200 OG_10_2247279_2720175 336151 336246 HEG4_chr10_2404092_2868093
89 92.00 243325 243389 OG_10_2247279_2720175 336248 336312 HEG4_chr10_2404092_2868093
89 93.00 410158 410230 OG_10_2247279_2720175 424582 424652 HEG4_chr10_2404092_2868093
89 85.00 355824 355928 OG_10_2247279_2720175 436131 436027 HEG4_chr10_2404092_2868093
89 85.00 470188 470305 OG_10_2247279_2720175 440364 440243 HEG4_chr10_2404092_2868093
89 82.00 275134 275250 OG_10_2247279_2720175 446579 446695 HEG4_chr10_2404092_2868093
87 92.00 394303 394365 OG_10_2247279_2720175 39704 39766 HEG4_chr10_2404092_2868093
87 86.00 92717 92812 OG_10_2247279_2720175 62948 63043 HEG4_chr10_2404092_2868093
87 94.00 21645 21698 OG_10_2247279_2720175 134924 134871 HEG4_chr10_2404092_2868093
87 91.00 243014 243081 OG_10_2247279_2720175 244378 244311 HEG4_chr10_2404092_2868093
87 94.00 100321 100376 OG_10_2247279_2720175 244311 244366 HEG4_chr10_2404092_2868093
87 94.00 135059 135114 OG_10_2247279_2720175 244311 244366 HEG4_chr10_2404092_2868093
87 86.00 334221 334315 OG_10_2247279_2720175 265823 265917 HEG4_chr10_2404092_2868093
87 90.00 47470 47541 OG_10_2247279_2720175 266899 266828 HEG4_chr10_2404092_2868093
87 86.00 324048 324162 OG_10_2247279_2720175 306092 306203 HEG4_chr10_2404092_2868093
87 91.00 372685 372755 OG_10_2247279_2720175 356869 356940 HEG4_chr10_2404092_2868093
87 97.00 372483 372530 OG_10_2247279_2720175 364117 364164 HEG4_chr10_2404092_2868093
87 94.00 410697 410752 OG_10_2247279_2720175 386240 386185 HEG4_chr10_2404092_2868093
87 94.00 410697 410752 OG_10_2247279_2720175 395559 395614 HEG4_chr10_2404092_2868093
87 91.00 312348 312415 OG_10_2247279_2720175 417816 417883 HEG4_chr10_2404092_2868093
87 93.00 410159 410230 OG_10_2247279_2720175 418218 418149 HEG4_chr10_2404092_2868093
87 100.00 452391 452434 OG_10_2247279_2720175 428886 428929 HEG4_chr10_2404092_2868093
87 87.00 454844 454931 OG_10_2247279_2720175 435330 435417 HEG4_chr10_2404092_2868093
87 91.00 360667 360734 OG_10_2247279_2720175 435908 435841 HEG4_chr10_2404092_2868093
87 100.00 312348 312391 OG_10_2247279_2720175 435897 435854 HEG4_chr10_2404092_2868093
87 85.00 10182 10300 OG_10_2247279_2720175 439073 439191 HEG4_chr10_2404092_2868093
87 90.00 47470 47541 OG_10_2247279_2720175 446552 446623 HEG4_chr10_2404092_2868093
87 87.00 460921 461020 OG_10_2247279_2720175 450334 450236 HEG4_chr10_2404092_2868093
85 92.00 333651 333713 OG_10_2247279_2720175 39766 39704 HEG4_chr10_2404092_2868093
85 85.00 131194 131299 OG_10_2247279_2720175 109900 110008 HEG4_chr10_2404092_2868093
85 82.00 156771 156927 OG_10_2247279_2720175 122990 123143 HEG4_chr10_2404092_2868093
85 83.00 158716 158853 OG_10_2247279_2720175 127157 127284 HEG4_chr10_2404092_2868093
85 86.00 1294 1394 OG_10_2247279_2720175 164256 164155 HEG4_chr10_2404092_2868093
85 85.00 281739 281840 OG_10_2247279_2720175 331770 331871 HEG4_chr10_2404092_2868093
85 89.00 371357 371441 OG_10_2247279_2720175 354936 355016 HEG4_chr10_2404092_2868093
85 94.00 372478 372532 OG_10_2247279_2720175 356626 356680 HEG4_chr10_2404092_2868093
85 90.00 44282 44355 OG_10_2247279_2720175 358533 358459 HEG4_chr10_2404092_2868093
85 83.00 99987 100102 OG_10_2247279_2720175 377345 377224 HEG4_chr10_2404092_2868093
85 87.00 281739 281825 OG_10_2247279_2720175 389182 389096 HEG4_chr10_2404092_2868093
85 92.00 379302 379364 OG_10_2247279_2720175 405447 405385 HEG4_chr10_2404092_2868093
85 87.00 414177 414259 OG_10_2247279_2720175 405470 405388 HEG4_chr10_2404092_2868093
85 87.00 407165 407247 OG_10_2247279_2720175 405388 405470 HEG4_chr10_2404092_2868093
85 94.00 379486 379540 OG_10_2247279_2720175 417688 417634 HEG4_chr10_2404092_2868093
85 94.00 355875 355929 OG_10_2247279_2720175 421365 421311 HEG4_chr10_2404092_2868093
85 94.00 379487 379541 OG_10_2247279_2720175 421312 421366 HEG4_chr10_2404092_2868093
85 89.00 412897 412979 OG_10_2247279_2720175 423392 423311 HEG4_chr10_2404092_2868093
85 82.00 263140 263251 OG_10_2247279_2720175 423314 423425 HEG4_chr10_2404092_2868093
85 82.00 452592 452737 OG_10_2247279_2720175 429013 429156 HEG4_chr10_2404092_2868093
85 88.00 379302 379380 OG_10_2247279_2720175 435830 435908 HEG4_chr10_2404092_2868093
85 82.00 282905 283060 OG_10_2247279_2720175 443002 442855 HEG4_chr10_2404092_2868093
85 92.00 333654 333716 OG_10_2247279_2720175 442965 442903 HEG4_chr10_2404092_2868093
85 86.00 330632 330733 OG_10_2247279_2720175 446550 446649 HEG4_chr10_2404092_2868093
83 86.00 191547 191636 OG_10_2247279_2720175 3171 3082 HEG4_chr10_2404092_2868093
83 96.00 114048 114097 OG_10_2247279_2720175 58236 58285 HEG4_chr10_2404092_2868093
83 96.00 18952 19001 OG_10_2247279_2720175 88567 88518 HEG4_chr10_2404092_2868093
83 94.00 18948 19001 OG_10_2247279_2720175 89552 89605 HEG4_chr10_2404092_2868093
83 87.00 191551 191636 OG_10_2247279_2720175 140929 140844 HEG4_chr10_2404092_2868093
83 86.00 60629 60721 OG_10_2247279_2720175 143688 143780 HEG4_chr10_2404092_2868093
83 82.00 200963 201096 OG_10_2247279_2720175 166290 166423 HEG4_chr10_2404092_2868093
83 93.00 215088 215147 OG_10_2247279_2720175 185296 185356 HEG4_chr10_2404092_2868093
83 91.00 257694 257755 OG_10_2247279_2720175 226937 226998 HEG4_chr10_2404092_2868093
83 86.00 41784 41896 OG_10_2247279_2720175 230157 230268 HEG4_chr10_2404092_2868093
83 96.00 47547 47596 OG_10_2247279_2720175 259361 259410 HEG4_chr10_2404092_2868093
83 90.00 215187 215251 OG_10_2247279_2720175 265916 265852 HEG4_chr10_2404092_2868093
83 80.00 85270 85466 OG_10_2247279_2720175 274299 274118 HEG4_chr10_2404092_2868093
83 89.00 102014 102086 OG_10_2247279_2720175 276702 276774 HEG4_chr10_2404092_2868093
83 84.00 307208 307313 OG_10_2247279_2720175 306064 305959 HEG4_chr10_2404092_2868093
83 90.00 85965 86030 OG_10_2247279_2720175 331947 331882 HEG4_chr10_2404092_2868093
83 91.00 334301 334368 OG_10_2247279_2720175 336246 336181 HEG4_chr10_2404092_2868093
83 96.00 248499 248548 OG_10_2247279_2720175 336324 336373 HEG4_chr10_2404092_2868093
83 87.00 306363 306448 OG_10_2247279_2720175 416666 416581 HEG4_chr10_2404092_2868093
83 88.00 252610 252687 OG_10_2247279_2720175 416593 416670 HEG4_chr10_2404092_2868093
83 89.00 387722 387795 OG_10_2247279_2720175 421149 421076 HEG4_chr10_2404092_2868093
83 97.00 36610 36655 OG_10_2247279_2720175 434358 434403 HEG4_chr10_2404092_2868093
83 85.00 332440 332537 OG_10_2247279_2720175 444071 443974 HEG4_chr10_2404092_2868093
81 87.00 191549 191629 OG_10_2247279_2720175 42381 42461 HEG4_chr10_2404092_2868093
81 81.00 114751 114910 OG_10_2247279_2720175 74490 74652 HEG4_chr10_2404092_2868093
81 88.00 270481 270560 OG_10_2247279_2720175 142569 142649 HEG4_chr10_2404092_2868093
81 85.00 188071 188181 OG_10_2247279_2720175 212321 212212 HEG4_chr10_2404092_2868093
81 90.00 334175 334239 OG_10_2247279_2720175 265014 264950 HEG4_chr10_2404092_2868093
81 86.00 252493 252585 OG_10_2247279_2720175 266605 266513 HEG4_chr10_2404092_2868093
81 92.00 47546 47602 OG_10_2247279_2720175 266842 266898 HEG4_chr10_2404092_2868093
81 89.00 230491 230563 OG_10_2247279_2720175 274562 274634 HEG4_chr10_2404092_2868093
81 87.00 314678 314758 OG_10_2247279_2720175 314320 314240 HEG4_chr10_2404092_2868093
81 87.00 470225 470316 OG_10_2247279_2720175 330326 330418 HEG4_chr10_2404092_2868093
81 89.00 273700 273773 OG_10_2247279_2720175 336323 336251 HEG4_chr10_2404092_2868093
81 87.00 423633 423713 OG_10_2247279_2720175 355793 355713 HEG4_chr10_2404092_2868093
81 87.00 414198 414278 OG_10_2247279_2720175 355793 355713 HEG4_chr10_2404092_2868093
81 87.00 423633 423713 OG_10_2247279_2720175 363865 363785 HEG4_chr10_2404092_2868093
81 87.00 414198 414278 OG_10_2247279_2720175 363865 363785 HEG4_chr10_2404092_2868093
81 83.00 276292 276419 OG_10_2247279_2720175 366648 366776 HEG4_chr10_2404092_2868093
81 94.00 406976 407028 OG_10_2247279_2720175 386187 386239 HEG4_chr10_2404092_2868093
81 94.00 406976 407028 OG_10_2247279_2720175 395612 395560 HEG4_chr10_2404092_2868093
81 88.00 143408 143491 OG_10_2247279_2720175 416442 416526 HEG4_chr10_2404092_2868093
81 84.00 355824 355928 OG_10_2247279_2720175 425449 425345 HEG4_chr10_2404092_2868093
81 85.00 467094 467191 OG_10_2247279_2720175 434379 434286 HEG4_chr10_2404092_2868093
81 91.00 379480 379540 OG_10_2247279_2720175 436020 436080 HEG4_chr10_2404092_2868093
81 92.00 215099 215154 OG_10_2247279_2720175 442670 442725 HEG4_chr10_2404092_2868093
81 85.00 281739 281835 OG_10_2247279_2720175 444070 443974 HEG4_chr10_2404092_2868093
81 89.00 47471 47543 OG_10_2247279_2720175 446706 446634 HEG4_chr10_2404092_2868093
79 88.00 83168 83244 OG_10_2247279_2720175 38599 38678 HEG4_chr10_2404092_2868093
79 91.00 306363 306430 OG_10_2247279_2720175 114322 114388 HEG4_chr10_2404092_2868093
79 88.00 306516 306591 OG_10_2247279_2720175 160101 160176 HEG4_chr10_2404092_2868093
79 89.00 20024 20091 OG_10_2247279_2720175 244311 244378 HEG4_chr10_2404092_2868093
79 92.00 131688 131743 OG_10_2247279_2720175 244311 244366 HEG4_chr10_2404092_2868093
79 92.00 47547 47602 OG_10_2247279_2720175 266800 266745 HEG4_chr10_2404092_2868093
79 93.00 332560 332618 OG_10_2247279_2720175 274505 274564 HEG4_chr10_2404092_2868093
79 89.00 306363 306430 OG_10_2247279_2720175 305858 305791 HEG4_chr10_2404092_2868093
79 92.00 355867 355922 OG_10_2247279_2720175 311386 311441 HEG4_chr10_2404092_2868093
79 91.00 469296 469355 OG_10_2247279_2720175 327972 327913 HEG4_chr10_2404092_2868093
79 89.00 314706 314780 OG_10_2247279_2720175 336323 336248 HEG4_chr10_2404092_2868093
79 90.00 387731 387794 OG_10_2247279_2720175 371563 371626 HEG4_chr10_2404092_2868093
79 88.00 359907 359988 OG_10_2247279_2720175 396195 396113 HEG4_chr10_2404092_2868093
79 88.00 406763 406838 OG_10_2247279_2720175 404117 404192 HEG4_chr10_2404092_2868093
79 95.00 126532 126579 OG_10_2247279_2720175 412957 412910 HEG4_chr10_2404092_2868093
79 92.00 126371 126426 OG_10_2247279_2720175 412969 412914 HEG4_chr10_2404092_2868093
79 92.00 371910 371965 OG_10_2247279_2720175 421366 421311 HEG4_chr10_2404092_2868093
79 92.00 360507 360562 OG_10_2247279_2720175 421366 421311 HEG4_chr10_2404092_2868093
79 83.00 386425 386536 OG_10_2247279_2720175 421613 421502 HEG4_chr10_2404092_2868093
79 87.00 412695 412776 OG_10_2247279_2720175 423702 423620 HEG4_chr10_2404092_2868093
79 97.00 312348 312391 OG_10_2247279_2720175 424978 424935 HEG4_chr10_2404092_2868093
79 93.00 450916 450975 OG_10_2247279_2720175 427046 427104 HEG4_chr10_2404092_2868093
79 92.00 336812 336867 OG_10_2247279_2720175 435887 435832 HEG4_chr10_2404092_2868093
79 86.00 457709 457807 OG_10_2247279_2720175 453538 453439 HEG4_chr10_2404092_2868093
77 87.00 151667 151748 OG_10_2247279_2720175 26073 26153 HEG4_chr10_2404092_2868093
77 86.00 227508 227597 OG_10_2247279_2720175 47108 47195 HEG4_chr10_2404092_2868093
77 91.00 25008 25066 OG_10_2247279_2720175 71983 72041 HEG4_chr10_2404092_2868093
77 91.00 138586 138653 OG_10_2247279_2720175 100110 100172 HEG4_chr10_2404092_2868093
77 91.00 130769 130831 OG_10_2247279_2720175 109502 109569 HEG4_chr10_2404092_2868093
77 92.00 51736 51798 OG_10_2247279_2720175 114333 114394 HEG4_chr10_2404092_2868093
77 83.00 159623 159737 OG_10_2247279_2720175 122952 123066 HEG4_chr10_2404092_2868093
77 88.00 171341 171411 OG_10_2247279_2720175 140159 140229 HEG4_chr10_2404092_2868093
77 88.00 252611 252685 OG_10_2247279_2720175 160101 160175 HEG4_chr10_2404092_2868093
77 82.00 273712 273832 OG_10_2247279_2720175 169203 169325 HEG4_chr10_2404092_2868093
77 94.00 131796 131846 OG_10_2247279_2720175 169628 169678 HEG4_chr10_2404092_2868093
77 83.00 246176 246290 OG_10_2247279_2720175 199590 199704 HEG4_chr10_2404092_2868093
77 84.00 171509 171611 OG_10_2247279_2720175 212933 212831 HEG4_chr10_2404092_2868093
77 88.00 163801 163871 OG_10_2247279_2720175 254752 254682 HEG4_chr10_2404092_2868093
77 87.00 334175 334248 OG_10_2247279_2720175 265517 265590 HEG4_chr10_2404092_2868093
77 82.00 394235 394362 OG_10_2247279_2720175 274680 274552 HEG4_chr10_2404092_2868093
77 86.00 306804 306898 OG_10_2247279_2720175 323343 323440 HEG4_chr10_2404092_2868093
77 89.00 342453 342527 OG_10_2247279_2720175 341942 341869 HEG4_chr10_2404092_2868093
77 89.00 342250 342323 OG_10_2247279_2720175 342146 342072 HEG4_chr10_2404092_2868093
77 88.00 355257 355337 OG_10_2247279_2720175 385629 385714 HEG4_chr10_2404092_2868093
77 94.00 373625 373675 OG_10_2247279_2720175 388194 388244 HEG4_chr10_2404092_2868093
77 90.00 387727 387789 OG_10_2247279_2720175 395437 395375 HEG4_chr10_2404092_2868093
77 92.00 372102 372156 OG_10_2247279_2720175 405385 405439 HEG4_chr10_2404092_2868093
77 80.00 360365 360561 OG_10_2247279_2720175 417500 417687 HEG4_chr10_2404092_2868093
77 85.00 371870 371964 OG_10_2247279_2720175 417593 417687 HEG4_chr10_2404092_2868093
77 86.00 387730 387812 OG_10_2247279_2720175 417824 417906 HEG4_chr10_2404092_2868093
77 86.00 387730 387812 OG_10_2247279_2720175 424970 424888 HEG4_chr10_2404092_2868093
77 88.00 372086 372156 OG_10_2247279_2720175 435908 435838 HEG4_chr10_2404092_2868093
77 86.00 396940 397026 OG_10_2247279_2720175 450745 450831 HEG4_chr10_2404092_2868093
75 83.00 166715 166835 OG_10_2247279_2720175 4172 4054 HEG4_chr10_2404092_2868093
75 90.00 404423 404484 OG_10_2247279_2720175 40456 40517 HEG4_chr10_2404092_2868093
75 91.00 102584 102642 OG_10_2247279_2720175 40457 40517 HEG4_chr10_2404092_2868093
75 87.00 115156 115233 OG_10_2247279_2720175 62456 62533 HEG4_chr10_2404092_2868093
75 95.00 102419 102464 OG_10_2247279_2720175 80777 80822 HEG4_chr10_2404092_2868093
75 92.00 91763 91816 OG_10_2247279_2720175 84516 84569 HEG4_chr10_2404092_2868093
75 83.00 306671 306776 OG_10_2247279_2720175 306719 306614 HEG4_chr10_2404092_2868093
75 90.00 410492 410553 OG_10_2247279_2720175 311795 311734 HEG4_chr10_2404092_2868093
75 86.00 387708 387789 OG_10_2247279_2720175 311738 311819 HEG4_chr10_2404092_2868093
75 94.00 404641 404690 OG_10_2247279_2720175 331819 331770 HEG4_chr10_2404092_2868093
75 95.00 372710 372755 OG_10_2247279_2720175 364380 364425 HEG4_chr10_2404092_2868093
75 92.00 423836 423889 OG_10_2247279_2720175 371436 371383 HEG4_chr10_2404092_2868093
75 92.00 423836 423889 OG_10_2247279_2720175 386239 386186 HEG4_chr10_2404092_2868093
75 86.00 394236 394324 OG_10_2247279_2720175 388252 388339 HEG4_chr10_2404092_2868093
75 92.00 423836 423889 OG_10_2247279_2720175 395560 395613 HEG4_chr10_2404092_2868093
75 89.00 360667 360732 OG_10_2247279_2720175 417805 417870 HEG4_chr10_2404092_2868093
75 90.00 312330 312391 OG_10_2247279_2720175 421167 421106 HEG4_chr10_2404092_2868093
75 89.00 360667 360732 OG_10_2247279_2720175 424989 424924 HEG4_chr10_2404092_2868093
75 84.00 371863 371964 OG_10_2247279_2720175 425446 425345 HEG4_chr10_2404092_2868093
75 86.00 453769 453866 OG_10_2247279_2720175 434416 434511 HEG4_chr10_2404092_2868093
75 92.00 47549 47602 OG_10_2247279_2720175 446653 446706 HEG4_chr10_2404092_2868093
73 89.00 191934 191998 OG_10_2247279_2720175 3012 2948 HEG4_chr10_2404092_2868093
73 92.00 2347 2399 OG_10_2247279_2720175 4148 4200 HEG4_chr10_2404092_2868093
73 92.00 314219 314275 OG_10_2247279_2720175 23861 23916 HEG4_chr10_2404092_2868093
73 86.00 267706 267786 OG_10_2247279_2720175 42463 42383 HEG4_chr10_2404092_2868093
73 86.00 187077 187169 OG_10_2247279_2720175 42565 42474 HEG4_chr10_2404092_2868093
73 89.00 32360 32424 OG_10_2247279_2720175 71983 72047 HEG4_chr10_2404092_2868093
73 92.00 281739 281791 OG_10_2247279_2720175 80776 80724 HEG4_chr10_2404092_2868093
73 92.00 5371 5423 OG_10_2247279_2720175 88519 88571 HEG4_chr10_2404092_2868093
73 86.00 93598 93685 OG_10_2247279_2720175 95504 95592 HEG4_chr10_2404092_2868093
73 95.00 159049 159093 OG_10_2247279_2720175 131891 131935 HEG4_chr10_2404092_2868093
73 95.00 155744 155788 OG_10_2247279_2720175 135276 135320 HEG4_chr10_2404092_2868093
73 85.00 170664 170752 OG_10_2247279_2720175 139508 139596 HEG4_chr10_2404092_2868093
73 88.00 248319 248387 OG_10_2247279_2720175 164085 164153 HEG4_chr10_2404092_2868093
73 83.00 283988 284140 OG_10_2247279_2720175 174928 174780 HEG4_chr10_2404092_2868093
73 88.00 273675 273749 OG_10_2247279_2720175 185531 185458 HEG4_chr10_2404092_2868093
73 84.00 447353 447449 OG_10_2247279_2720175 240190 240094 HEG4_chr10_2404092_2868093
73 85.00 163139 163227 OG_10_2247279_2720175 255429 255341 HEG4_chr10_2404092_2868093
73 89.00 248321 248385 OG_10_2247279_2720175 265748 265684 HEG4_chr10_2404092_2868093
73 90.00 275191 275250 OG_10_2247279_2720175 266815 266756 HEG4_chr10_2404092_2868093
73 97.00 102585 102625 OG_10_2247279_2720175 274506 274546 HEG4_chr10_2404092_2868093
73 85.00 102000 102087 OG_10_2247279_2720175 275712 275625 HEG4_chr10_2404092_2868093
73 88.00 47471 47539 OG_10_2247279_2720175 330093 330025 HEG4_chr10_2404092_2868093
73 93.00 248475 248523 OG_10_2247279_2720175 336275 336323 HEG4_chr10_2404092_2868093
73 92.00 414632 414684 OG_10_2247279_2720175 355607 355555 HEG4_chr10_2404092_2868093
73 85.00 407146 407230 OG_10_2247279_2720175 355713 355797 HEG4_chr10_2404092_2868093
73 92.00 414632 414684 OG_10_2247279_2720175 363679 363627 HEG4_chr10_2404092_2868093
73 85.00 407146 407230 OG_10_2247279_2720175 363785 363869 HEG4_chr10_2404092_2868093
73 83.00 414632 414736 OG_10_2247279_2720175 371436 371332 HEG4_chr10_2404092_2868093
73 92.00 406976 407028 OG_10_2247279_2720175 371384 371436 HEG4_chr10_2404092_2868093
73 92.00 414632 414684 OG_10_2247279_2720175 386239 386187 HEG4_chr10_2404092_2868093
73 90.00 21645 21699 OG_10_2247279_2720175 388104 388050 HEG4_chr10_2404092_2868093
73 93.00 21649 21696 OG_10_2247279_2720175 388053 388100 HEG4_chr10_2404092_2868093
73 90.00 21645 21699 OG_10_2247279_2720175 388067 388121 HEG4_chr10_2404092_2868093
73 81.00 379493 379671 OG_10_2247279_2720175 404385 404207 HEG4_chr10_2404092_2868093
73 93.00 360686 360734 OG_10_2247279_2720175 405388 405436 HEG4_chr10_2404092_2868093
73 87.00 360662 360734 OG_10_2247279_2720175 421165 421093 HEG4_chr10_2404092_2868093
73 86.00 356043 356123 OG_10_2247279_2720175 435908 435828 HEG4_chr10_2404092_2868093
73 91.00 47546 47602 OG_10_2247279_2720175 446609 446553 HEG4_chr10_2404092_2868093
71 95.00 408063 408106 OG_10_2247279_2720175 2090 2133 HEG4_chr10_2404092_2868093
71 97.00 191894 191933 OG_10_2247279_2720175 42465 42504 HEG4_chr10_2404092_2868093
71 92.00 115080 115131 OG_10_2247279_2720175 62383 62434 HEG4_chr10_2404092_2868093
71 88.00 363487 363561 OG_10_2247279_2720175 64927 65002 HEG4_chr10_2404092_2868093
71 82.00 394236 394365 OG_10_2247279_2720175 79746 79874 HEG4_chr10_2404092_2868093
71 91.00 332441 332496 OG_10_2247279_2720175 80776 80721 HEG4_chr10_2404092_2868093
71 88.00 447385 447452 OG_10_2247279_2720175 94880 94947 HEG4_chr10_2404092_2868093
71 93.00 306408 306455 OG_10_2247279_2720175 142454 142501 HEG4_chr10_2404092_2868093
71 88.00 252451 252518 OG_10_2247279_2720175 159941 160008 HEG4_chr10_2404092_2868093
71 88.00 143561 143628 OG_10_2247279_2720175 160008 159941 HEG4_chr10_2404092_2868093
71 87.00 117114 117185 OG_10_2247279_2720175 194114 194043 HEG4_chr10_2404092_2868093
71 97.00 21649 21687 OG_10_2247279_2720175 205952 205990 HEG4_chr10_2404092_2868093
71 97.00 21651 21689 OG_10_2247279_2720175 205952 205990 HEG4_chr10_2404092_2868093
71 97.00 21653 21691 OG_10_2247279_2720175 205952 205990 HEG4_chr10_2404092_2868093
71 97.00 21655 21693 OG_10_2247279_2720175 205952 205990 HEG4_chr10_2404092_2868093
71 97.00 21657 21695 OG_10_2247279_2720175 205952 205990 HEG4_chr10_2404092_2868093
71 97.00 21659 21697 OG_10_2247279_2720175 205952 205990 HEG4_chr10_2404092_2868093
71 97.00 21661 21699 OG_10_2247279_2720175 205952 205990 HEG4_chr10_2404092_2868093
71 97.00 21660 21698 OG_10_2247279_2720175 205990 205952 HEG4_chr10_2404092_2868093
71 97.00 21658 21696 OG_10_2247279_2720175 205990 205952 HEG4_chr10_2404092_2868093
71 97.00 21656 21694 OG_10_2247279_2720175 205990 205952 HEG4_chr10_2404092_2868093
71 97.00 21654 21692 OG_10_2247279_2720175 205990 205952 HEG4_chr10_2404092_2868093
71 97.00 21652 21690 OG_10_2247279_2720175 205990 205952 HEG4_chr10_2404092_2868093
71 97.00 21650 21688 OG_10_2247279_2720175 205990 205952 HEG4_chr10_2404092_2868093
71 97.00 143442 143481 OG_10_2247279_2720175 207317 207356 HEG4_chr10_2404092_2868093
71 84.00 181558 181649 OG_10_2247279_2720175 254584 254493 HEG4_chr10_2404092_2868093
71 86.00 273835 273913 OG_10_2247279_2720175 264855 264777 HEG4_chr10_2404092_2868093
71 84.00 248402 248502 OG_10_2247279_2720175 265925 265823 HEG4_chr10_2404092_2868093
71 85.00 100013 100112 OG_10_2247279_2720175 275625 275723 HEG4_chr10_2404092_2868093
71 89.00 296037 296100 OG_10_2247279_2720175 281223 281286 HEG4_chr10_2404092_2868093
71 86.00 387708 387787 OG_10_2247279_2720175 336393 336472 HEG4_chr10_2404092_2868093
71 91.00 423637 423692 OG_10_2247279_2720175 336472 336417 HEG4_chr10_2404092_2868093
71 91.00 414202 414257 OG_10_2247279_2720175 336472 336417 HEG4_chr10_2404092_2868093
71 85.00 360949 361051 OG_10_2247279_2720175 364060 364160 HEG4_chr10_2404092_2868093
71 97.00 21662 21700 OG_10_2247279_2720175 378128 378166 HEG4_chr10_2404092_2868093
71 97.00 311999 312038 OG_10_2247279_2720175 386194 386233 HEG4_chr10_2404092_2868093
71 86.00 263451 263532 OG_10_2247279_2720175 423620 423702 HEG4_chr10_2404092_2868093
71 92.00 264910 264959 OG_10_2247279_2720175 440394 440345 HEG4_chr10_2404092_2868093
71 97.00 21649 21687 OG_10_2247279_2720175 444709 444747 HEG4_chr10_2404092_2868093
71 97.00 21651 21689 OG_10_2247279_2720175 444709 444747 HEG4_chr10_2404092_2868093
71 97.00 21653 21691 OG_10_2247279_2720175 444709 444747 HEG4_chr10_2404092_2868093
71 97.00 21655 21693 OG_10_2247279_2720175 444709 444747 HEG4_chr10_2404092_2868093
71 97.00 21657 21695 OG_10_2247279_2720175 444709 444747 HEG4_chr10_2404092_2868093
71 97.00 21659 21697 OG_10_2247279_2720175 444709 444747 HEG4_chr10_2404092_2868093
71 97.00 21661 21699 OG_10_2247279_2720175 444709 444747 HEG4_chr10_2404092_2868093
71 97.00 21660 21698 OG_10_2247279_2720175 444747 444709 HEG4_chr10_2404092_2868093
71 97.00 21658 21696 OG_10_2247279_2720175 444747 444709 HEG4_chr10_2404092_2868093
71 97.00 21656 21694 OG_10_2247279_2720175 444747 444709 HEG4_chr10_2404092_2868093
71 97.00 21654 21692 OG_10_2247279_2720175 444747 444709 HEG4_chr10_2404092_2868093
71 97.00 21652 21690 OG_10_2247279_2720175 444747 444709 HEG4_chr10_2404092_2868093
71 97.00 21650 21688 OG_10_2247279_2720175 444747 444709 HEG4_chr10_2404092_2868093
