851600 100.00 1 429575 OS_Chr10_2616367_3045941 1 429575 OS_Chr10_2616367_3045941
1289 92.00 374565 375501 OS_Chr10_2616367_3045941 366228 365319 OS_Chr10_2616367_3045941
1289 92.00 365319 366228 OS_Chr10_2616367_3045941 375501 374565 OS_Chr10_2616367_3045941
1106 90.00 415215 416106 OS_Chr10_2616367_3045941 397619 396735 OS_Chr10_2616367_3045941
1106 90.00 396735 397619 OS_Chr10_2616367_3045941 416106 415215 OS_Chr10_2616367_3045941
910 91.00 209398 210122 OS_Chr10_2616367_3045941 88061 87341 OS_Chr10_2616367_3045941
910 91.00 87341 88061 OS_Chr10_2616367_3045941 210122 209398 OS_Chr10_2616367_3045941
716 96.00 404145 404559 OS_Chr10_2616367_3045941 397780 397359 OS_Chr10_2616367_3045941
716 96.00 397359 397780 OS_Chr10_2616367_3045941 404559 404145 OS_Chr10_2616367_3045941
712 89.00 374583 375172 OS_Chr10_2616367_3045941 334680 334087 OS_Chr10_2616367_3045941
712 89.00 334087 334680 OS_Chr10_2616367_3045941 375172 374583 OS_Chr10_2616367_3045941
692 89.00 404845 405430 OS_Chr10_2616367_3045941 397311 396738 OS_Chr10_2616367_3045941
692 89.00 396738 397311 OS_Chr10_2616367_3045941 405430 404845 OS_Chr10_2616367_3045941
668 88.00 414301 414988 OS_Chr10_2616367_3045941 349889 349203 OS_Chr10_2616367_3045941
668 88.00 349203 349889 OS_Chr10_2616367_3045941 414988 414301 OS_Chr10_2616367_3045941
666 90.00 374598 375172 OS_Chr10_2616367_3045941 351321 350750 OS_Chr10_2616367_3045941
666 90.00 350750 351321 OS_Chr10_2616367_3045941 375172 374598 OS_Chr10_2616367_3045941
543 88.00 400863 401352 OS_Chr10_2616367_3045941 397260 396771 OS_Chr10_2616367_3045941
543 88.00 396771 397260 OS_Chr10_2616367_3045941 401352 400863 OS_Chr10_2616367_3045941
515 93.00 374822 375172 OS_Chr10_2616367_3045941 326323 325970 OS_Chr10_2616367_3045941
515 93.00 374822 375172 OS_Chr10_2616367_3045941 343363 343010 OS_Chr10_2616367_3045941
515 93.00 343010 343363 OS_Chr10_2616367_3045941 375172 374822 OS_Chr10_2616367_3045941
515 93.00 325970 326323 OS_Chr10_2616367_3045941 375172 374822 OS_Chr10_2616367_3045941
470 89.00 279614 280034 OS_Chr10_2616367_3045941 83943 83526 OS_Chr10_2616367_3045941
470 89.00 83526 83943 OS_Chr10_2616367_3045941 280034 279614 OS_Chr10_2616367_3045941
416 84.00 371570 372119 OS_Chr10_2616367_3045941 372119 371570 OS_Chr10_2616367_3045941
414 89.00 279995 280349 OS_Chr10_2616367_3045941 87679 87341 OS_Chr10_2616367_3045941
414 89.00 87341 87679 OS_Chr10_2616367_3045941 280349 279995 OS_Chr10_2616367_3045941
404 89.00 205571 205938 OS_Chr10_2616367_3045941 204933 204563 OS_Chr10_2616367_3045941
404 89.00 204563 204933 OS_Chr10_2616367_3045941 205938 205571 OS_Chr10_2616367_3045941
379 91.00 209400 209706 OS_Chr10_2616367_3045941 83942 83638 OS_Chr10_2616367_3045941
379 89.00 279615 279933 OS_Chr10_2616367_3045941 88059 87741 OS_Chr10_2616367_3045941
379 91.00 83638 83942 OS_Chr10_2616367_3045941 209706 209400 OS_Chr10_2616367_3045941
379 89.00 87741 88059 OS_Chr10_2616367_3045941 279933 279615 OS_Chr10_2616367_3045941
325 97.00 203504 203683 OS_Chr10_2616367_3045941 198725 198546 OS_Chr10_2616367_3045941
325 97.00 198546 198725 OS_Chr10_2616367_3045941 203683 203504 OS_Chr10_2616367_3045941
321 87.00 59254 59540 OS_Chr10_2616367_3045941 58465 58158 OS_Chr10_2616367_3045941
321 87.00 58158 58465 OS_Chr10_2616367_3045941 59540 59254 OS_Chr10_2616367_3045941
313 92.00 215136 215375 OS_Chr10_2616367_3045941 172190 171949 OS_Chr10_2616367_3045941
313 92.00 171949 172190 OS_Chr10_2616367_3045941 215375 215136 OS_Chr10_2616367_3045941
297 90.00 240883 241126 OS_Chr10_2616367_3045941 240384 240145 OS_Chr10_2616367_3045941
297 90.00 240145 240384 OS_Chr10_2616367_3045941 241126 240883 OS_Chr10_2616367_3045941
278 93.00 280102 280296 OS_Chr10_2616367_3045941 83479 83284 OS_Chr10_2616367_3045941
278 93.00 83284 83479 OS_Chr10_2616367_3045941 280296 280102 OS_Chr10_2616367_3045941
248 90.00 251903 252105 OS_Chr10_2616367_3045941 251156 250957 OS_Chr10_2616367_3045941
248 90.00 250957 251156 OS_Chr10_2616367_3045941 252105 251903 OS_Chr10_2616367_3045941
246 86.00 268420 268739 OS_Chr10_2616367_3045941 267256 266933 OS_Chr10_2616367_3045941
246 86.00 266933 267256 OS_Chr10_2616367_3045941 268739 268420 OS_Chr10_2616367_3045941
240 88.00 284804 285039 OS_Chr10_2616367_3045941 215370 215138 OS_Chr10_2616367_3045941
240 88.00 215138 215370 OS_Chr10_2616367_3045941 285039 284804 OS_Chr10_2616367_3045941
238 97.00 322890 323025 OS_Chr10_2616367_3045941 317966 317831 OS_Chr10_2616367_3045941
238 97.00 317831 317966 OS_Chr10_2616367_3045941 323025 322890 OS_Chr10_2616367_3045941
236 89.00 374563 374773 OS_Chr10_2616367_3045941 343615 343411 OS_Chr10_2616367_3045941
236 89.00 343411 343615 OS_Chr10_2616367_3045941 374773 374563 OS_Chr10_2616367_3045941
234 91.00 209876 210067 OS_Chr10_2616367_3045941 83479 83286 OS_Chr10_2616367_3045941
234 91.00 83286 83479 OS_Chr10_2616367_3045941 210067 209876 OS_Chr10_2616367_3045941
228 87.00 145700 145917 OS_Chr10_2616367_3045941 145094 144865 OS_Chr10_2616367_3045941
228 87.00 144865 145094 OS_Chr10_2616367_3045941 145917 145700 OS_Chr10_2616367_3045941
226 93.00 400569 400726 OS_Chr10_2616367_3045941 397520 397363 OS_Chr10_2616367_3045941
226 93.00 397363 397520 OS_Chr10_2616367_3045941 400726 400569 OS_Chr10_2616367_3045941
224 88.00 137263 137506 OS_Chr10_2616367_3045941 74356 74114 OS_Chr10_2616367_3045941
224 88.00 74114 74356 OS_Chr10_2616367_3045941 137506 137263 OS_Chr10_2616367_3045941
218 96.00 395824 395949 OS_Chr10_2616367_3045941 6271 6146 OS_Chr10_2616367_3045941
218 96.00 6146 6271 OS_Chr10_2616367_3045941 395949 395824 OS_Chr10_2616367_3045941
214 94.00 395825 395964 OS_Chr10_2616367_3045941 395751 395612 OS_Chr10_2616367_3045941
214 94.00 395612 395751 OS_Chr10_2616367_3045941 395964 395825 OS_Chr10_2616367_3045941
210 91.00 260131 260288 OS_Chr10_2616367_3045941 135698 135541 OS_Chr10_2616367_3045941
210 91.00 135541 135698 OS_Chr10_2616367_3045941 260288 260131 OS_Chr10_2616367_3045941
208 90.00 205763 205942 OS_Chr10_2616367_3045941 58337 58157 OS_Chr10_2616367_3045941
208 90.00 58157 58337 OS_Chr10_2616367_3045941 205942 205763 OS_Chr10_2616367_3045941
206 91.00 402863 403022 OS_Chr10_2616367_3045941 230266 230107 OS_Chr10_2616367_3045941
206 91.00 230107 230266 OS_Chr10_2616367_3045941 403022 402863 OS_Chr10_2616367_3045941
200 87.00 213467 213677 OS_Chr10_2616367_3045941 179437 179230 OS_Chr10_2616367_3045941
200 90.00 422221 422389 OS_Chr10_2616367_3045941 194190 194025 OS_Chr10_2616367_3045941
200 87.00 179230 179437 OS_Chr10_2616367_3045941 213677 213467 OS_Chr10_2616367_3045941
200 86.00 240145 240383 OS_Chr10_2616367_3045941 215374 215137 OS_Chr10_2616367_3045941
200 86.00 215137 215374 OS_Chr10_2616367_3045941 240383 240145 OS_Chr10_2616367_3045941
200 90.00 194025 194190 OS_Chr10_2616367_3045941 422389 422221 OS_Chr10_2616367_3045941
198 86.00 258430 258680 OS_Chr10_2616367_3045941 137510 137262 OS_Chr10_2616367_3045941
198 86.00 137262 137510 OS_Chr10_2616367_3045941 258680 258430 OS_Chr10_2616367_3045941
196 87.00 135486 135695 OS_Chr10_2616367_3045941 76262 76053 OS_Chr10_2616367_3045941
196 87.00 76053 76262 OS_Chr10_2616367_3045941 135695 135486 OS_Chr10_2616367_3045941
188 91.00 213198 213340 OS_Chr10_2616367_3045941 179724 179582 OS_Chr10_2616367_3045941
188 91.00 179582 179724 OS_Chr10_2616367_3045941 213340 213198 OS_Chr10_2616367_3045941
188 85.00 284804 285039 OS_Chr10_2616367_3045941 241122 240885 OS_Chr10_2616367_3045941
188 90.00 426095 426249 OS_Chr10_2616367_3045941 242267 242113 OS_Chr10_2616367_3045941
188 85.00 240885 241122 OS_Chr10_2616367_3045941 285039 284804 OS_Chr10_2616367_3045941
188 90.00 242113 242267 OS_Chr10_2616367_3045941 426249 426095 OS_Chr10_2616367_3045941
184 86.00 219278 219504 OS_Chr10_2616367_3045941 96101 95874 OS_Chr10_2616367_3045941
184 92.00 304325 304461 OS_Chr10_2616367_3045941 194132 193997 OS_Chr10_2616367_3045941
184 86.00 95874 96101 OS_Chr10_2616367_3045941 219504 219278 OS_Chr10_2616367_3045941
184 92.00 193997 194132 OS_Chr10_2616367_3045941 304461 304325 OS_Chr10_2616367_3045941
178 90.00 426099 426249 OS_Chr10_2616367_3045941 120546 120394 OS_Chr10_2616367_3045941
178 84.00 240884 241128 OS_Chr10_2616367_3045941 172189 171948 OS_Chr10_2616367_3045941
178 84.00 171948 172189 OS_Chr10_2616367_3045941 241128 240884 OS_Chr10_2616367_3045941
178 90.00 120394 120546 OS_Chr10_2616367_3045941 426249 426099 OS_Chr10_2616367_3045941
174 91.00 374636 374773 OS_Chr10_2616367_3045941 326505 326371 OS_Chr10_2616367_3045941
174 91.00 326371 326505 OS_Chr10_2616367_3045941 374773 374636 OS_Chr10_2616367_3045941
174 91.00 395839 395967 OS_Chr10_2616367_3045941 395454 395320 OS_Chr10_2616367_3045941
174 91.00 395320 395454 OS_Chr10_2616367_3045941 395967 395839 OS_Chr10_2616367_3045941
172 89.00 190139 190289 OS_Chr10_2616367_3045941 187589 187439 OS_Chr10_2616367_3045941
172 89.00 187439 187589 OS_Chr10_2616367_3045941 190289 190139 OS_Chr10_2616367_3045941
172 89.00 311192 311338 OS_Chr10_2616367_3045941 311338 311192 OS_Chr10_2616367_3045941
170 81.00 413955 414304 OS_Chr10_2616367_3045941 350397 350037 OS_Chr10_2616367_3045941
170 81.00 350037 350397 OS_Chr10_2616367_3045941 414304 413955 OS_Chr10_2616367_3045941
168 85.00 193982 194185 OS_Chr10_2616367_3045941 172172 171967 OS_Chr10_2616367_3045941
168 85.00 171967 172172 OS_Chr10_2616367_3045941 194185 193982 OS_Chr10_2616367_3045941
167 89.00 251983 252134 OS_Chr10_2616367_3045941 58311 58157 OS_Chr10_2616367_3045941
167 89.00 58157 58311 OS_Chr10_2616367_3045941 252134 251983 OS_Chr10_2616367_3045941
165 90.00 302492 302642 OS_Chr10_2616367_3045941 99243 99095 OS_Chr10_2616367_3045941
165 90.00 99095 99243 OS_Chr10_2616367_3045941 302642 302492 OS_Chr10_2616367_3045941
163 92.00 250954 251078 OS_Chr10_2616367_3045941 59515 59390 OS_Chr10_2616367_3045941
163 87.00 284877 285042 OS_Chr10_2616367_3045941 194128 193963 OS_Chr10_2616367_3045941
163 92.00 59390 59515 OS_Chr10_2616367_3045941 251078 250954 OS_Chr10_2616367_3045941
163 87.00 193963 194128 OS_Chr10_2616367_3045941 285042 284877 OS_Chr10_2616367_3045941
161 87.00 275202 275358 OS_Chr10_2616367_3045941 43156 43000 OS_Chr10_2616367_3045941
161 87.00 43000 43156 OS_Chr10_2616367_3045941 275358 275202 OS_Chr10_2616367_3045941
159 100.00 112181 112260 OS_Chr10_2616367_3045941 112260 112181 OS_Chr10_2616367_3045941
157 86.00 240190 240366 OS_Chr10_2616367_3045941 194156 193982 OS_Chr10_2616367_3045941
157 86.00 193982 194156 OS_Chr10_2616367_3045941 240366 240190 OS_Chr10_2616367_3045941
157 90.00 277162 277296 OS_Chr10_2616367_3045941 276927 276794 OS_Chr10_2616367_3045941
157 90.00 276794 276927 OS_Chr10_2616367_3045941 277296 277162 OS_Chr10_2616367_3045941
155 83.00 118930 119159 OS_Chr10_2616367_3045941 118241 118012 OS_Chr10_2616367_3045941
155 83.00 118012 118241 OS_Chr10_2616367_3045941 119159 118930 OS_Chr10_2616367_3045941
155 95.00 205334 205427 OS_Chr10_2616367_3045941 205113 205020 OS_Chr10_2616367_3045941
155 95.00 205020 205113 OS_Chr10_2616367_3045941 205427 205334 OS_Chr10_2616367_3045941
153 90.00 250954 251078 OS_Chr10_2616367_3045941 205914 205790 OS_Chr10_2616367_3045941
153 90.00 205790 205914 OS_Chr10_2616367_3045941 251078 250954 OS_Chr10_2616367_3045941
151 89.00 422256 422388 OS_Chr10_2616367_3045941 241079 240945 OS_Chr10_2616367_3045941
151 89.00 240945 241079 OS_Chr10_2616367_3045941 422388 422256 OS_Chr10_2616367_3045941
149 84.00 374870 375071 OS_Chr10_2616367_3045941 306396 306198 OS_Chr10_2616367_3045941
149 84.00 306198 306396 OS_Chr10_2616367_3045941 375071 374870 OS_Chr10_2616367_3045941
147 88.00 421719 421852 OS_Chr10_2616367_3045941 118756 118623 OS_Chr10_2616367_3045941
147 90.00 356917 357036 OS_Chr10_2616367_3045941 354991 354875 OS_Chr10_2616367_3045941
147 90.00 354875 354991 OS_Chr10_2616367_3045941 357036 356917 OS_Chr10_2616367_3045941
147 88.00 367438 367575 OS_Chr10_2616367_3045941 367575 367438 OS_Chr10_2616367_3045941
147 97.00 396273 396354 OS_Chr10_2616367_3045941 396192 396111 OS_Chr10_2616367_3045941
147 97.00 396111 396192 OS_Chr10_2616367_3045941 396354 396273 OS_Chr10_2616367_3045941
147 88.00 118623 118756 OS_Chr10_2616367_3045941 421852 421719 OS_Chr10_2616367_3045941
147 87.00 426096 426249 OS_Chr10_2616367_3045941 426249 426096 OS_Chr10_2616367_3045941
145 86.00 204563 204736 OS_Chr10_2616367_3045941 59537 59366 OS_Chr10_2616367_3045941
145 97.00 367438 367518 OS_Chr10_2616367_3045941 112260 112180 OS_Chr10_2616367_3045941
145 86.00 59366 59537 OS_Chr10_2616367_3045941 204736 204563 OS_Chr10_2616367_3045941
145 97.00 112180 112260 OS_Chr10_2616367_3045941 367518 367438 OS_Chr10_2616367_3045941
143 87.00 426101 426240 OS_Chr10_2616367_3045941 152396 152257 OS_Chr10_2616367_3045941
143 87.00 284811 284962 OS_Chr10_2616367_3045941 210273 210123 OS_Chr10_2616367_3045941
143 87.00 210123 210273 OS_Chr10_2616367_3045941 284962 284811 OS_Chr10_2616367_3045941
143 87.00 152257 152396 OS_Chr10_2616367_3045941 426240 426101 OS_Chr10_2616367_3045941
141 87.00 249837 249975 OS_Chr10_2616367_3045941 98374 98236 OS_Chr10_2616367_3045941
141 87.00 98236 98374 OS_Chr10_2616367_3045941 249975 249837 OS_Chr10_2616367_3045941
139 88.00 251983 252130 OS_Chr10_2616367_3045941 204713 204563 OS_Chr10_2616367_3045941
139 86.00 208219 208375 OS_Chr10_2616367_3045941 208135 207981 OS_Chr10_2616367_3045941
139 86.00 207981 208135 OS_Chr10_2616367_3045941 208375 208219 OS_Chr10_2616367_3045941
139 90.00 304308 304422 OS_Chr10_2616367_3045941 241070 240954 OS_Chr10_2616367_3045941
139 88.00 204563 204713 OS_Chr10_2616367_3045941 252130 251983 OS_Chr10_2616367_3045941
139 90.00 240954 241070 OS_Chr10_2616367_3045941 304422 304308 OS_Chr10_2616367_3045941
137 96.00 367446 367526 OS_Chr10_2616367_3045941 112260 112180 OS_Chr10_2616367_3045941
137 90.00 306835 306950 OS_Chr10_2616367_3045941 240386 240270 OS_Chr10_2616367_3045941
137 90.00 240270 240386 OS_Chr10_2616367_3045941 306950 306835 OS_Chr10_2616367_3045941
137 96.00 112180 112260 OS_Chr10_2616367_3045941 367526 367446 OS_Chr10_2616367_3045941
135 96.00 367444 367523 OS_Chr10_2616367_3045941 112260 112181 OS_Chr10_2616367_3045941
135 87.00 120400 120543 OS_Chr10_2616367_3045941 120543 120400 OS_Chr10_2616367_3045941
135 87.00 224355 224486 OS_Chr10_2616367_3045941 154145 154005 OS_Chr10_2616367_3045941
135 87.00 154005 154145 OS_Chr10_2616367_3045941 224486 224355 OS_Chr10_2616367_3045941
135 90.00 230134 230245 OS_Chr10_2616367_3045941 229984 229873 OS_Chr10_2616367_3045941
135 90.00 229873 229984 OS_Chr10_2616367_3045941 230245 230134 OS_Chr10_2616367_3045941
135 85.00 242112 242267 OS_Chr10_2616367_3045941 242267 242112 OS_Chr10_2616367_3045941
135 96.00 112181 112260 OS_Chr10_2616367_3045941 367523 367444 OS_Chr10_2616367_3045941
131 86.00 242118 242260 OS_Chr10_2616367_3045941 120544 120400 OS_Chr10_2616367_3045941
131 86.00 120400 120544 OS_Chr10_2616367_3045941 242260 242118 OS_Chr10_2616367_3045941
131 84.00 422390 422553 OS_Chr10_2616367_3045941 250010 249839 OS_Chr10_2616367_3045941
131 90.00 403072 403177 OS_Chr10_2616367_3045941 403035 402930 OS_Chr10_2616367_3045941
131 90.00 402930 403035 OS_Chr10_2616367_3045941 403177 403072 OS_Chr10_2616367_3045941
131 84.00 249839 250010 OS_Chr10_2616367_3045941 422553 422390 OS_Chr10_2616367_3045941
129 95.00 367454 367534 OS_Chr10_2616367_3045941 112260 112180 OS_Chr10_2616367_3045941
129 95.00 205377 205457 OS_Chr10_2616367_3045941 205002 204922 OS_Chr10_2616367_3045941
129 95.00 204922 205002 OS_Chr10_2616367_3045941 205457 205377 OS_Chr10_2616367_3045941
129 91.00 304314 304414 OS_Chr10_2616367_3045941 210223 210123 OS_Chr10_2616367_3045941
129 88.00 422254 422389 OS_Chr10_2616367_3045941 215329 215197 OS_Chr10_2616367_3045941
129 91.00 210123 210223 OS_Chr10_2616367_3045941 304414 304314 OS_Chr10_2616367_3045941
129 95.00 112180 112260 OS_Chr10_2616367_3045941 367534 367454 OS_Chr10_2616367_3045941
129 88.00 215197 215329 OS_Chr10_2616367_3045941 422389 422254 OS_Chr10_2616367_3045941
127 95.00 367452 367531 OS_Chr10_2616367_3045941 112260 112181 OS_Chr10_2616367_3045941
127 95.00 112181 112260 OS_Chr10_2616367_3045941 367531 367452 OS_Chr10_2616367_3045941
125 93.00 71590 71672 OS_Chr10_2616367_3045941 70551 70469 OS_Chr10_2616367_3045941
125 93.00 70469 70551 OS_Chr10_2616367_3045941 71672 71590 OS_Chr10_2616367_3045941
123 100.00 162603 162664 OS_Chr10_2616367_3045941 112242 112181 OS_Chr10_2616367_3045941
123 100.00 162603 162664 OS_Chr10_2616367_3045941 112244 112183 OS_Chr10_2616367_3045941
123 100.00 162603 162664 OS_Chr10_2616367_3045941 112246 112185 OS_Chr10_2616367_3045941
123 100.00 162603 162664 OS_Chr10_2616367_3045941 112248 112187 OS_Chr10_2616367_3045941
123 100.00 162603 162664 OS_Chr10_2616367_3045941 112250 112189 OS_Chr10_2616367_3045941
123 100.00 162603 162664 OS_Chr10_2616367_3045941 112252 112191 OS_Chr10_2616367_3045941
123 100.00 162603 162664 OS_Chr10_2616367_3045941 112254 112193 OS_Chr10_2616367_3045941
123 100.00 162603 162664 OS_Chr10_2616367_3045941 112256 112195 OS_Chr10_2616367_3045941
123 100.00 162603 162664 OS_Chr10_2616367_3045941 112258 112197 OS_Chr10_2616367_3045941
123 100.00 162603 162664 OS_Chr10_2616367_3045941 112260 112199 OS_Chr10_2616367_3045941
123 100.00 162603 162664 OS_Chr10_2616367_3045941 162664 162603 OS_Chr10_2616367_3045941
123 100.00 112199 112260 OS_Chr10_2616367_3045941 162664 162603 OS_Chr10_2616367_3045941
123 100.00 112197 112258 OS_Chr10_2616367_3045941 162664 162603 OS_Chr10_2616367_3045941
123 100.00 112195 112256 OS_Chr10_2616367_3045941 162664 162603 OS_Chr10_2616367_3045941
123 100.00 112193 112254 OS_Chr10_2616367_3045941 162664 162603 OS_Chr10_2616367_3045941
123 100.00 112191 112252 OS_Chr10_2616367_3045941 162664 162603 OS_Chr10_2616367_3045941
123 100.00 112189 112250 OS_Chr10_2616367_3045941 162664 162603 OS_Chr10_2616367_3045941
123 100.00 112187 112248 OS_Chr10_2616367_3045941 162664 162603 OS_Chr10_2616367_3045941
123 100.00 112185 112246 OS_Chr10_2616367_3045941 162664 162603 OS_Chr10_2616367_3045941
123 100.00 112183 112244 OS_Chr10_2616367_3045941 162664 162603 OS_Chr10_2616367_3045941
123 100.00 112181 112242 OS_Chr10_2616367_3045941 162664 162603 OS_Chr10_2616367_3045941
123 89.00 210123 210236 OS_Chr10_2616367_3045941 172111 171999 OS_Chr10_2616367_3045941
123 88.00 422254 422371 OS_Chr10_2616367_3045941 210240 210123 OS_Chr10_2616367_3045941
123 89.00 171999 172111 OS_Chr10_2616367_3045941 210236 210123 OS_Chr10_2616367_3045941
123 89.00 241191 241296 OS_Chr10_2616367_3045941 210238 210133 OS_Chr10_2616367_3045941
123 89.00 210133 210238 OS_Chr10_2616367_3045941 241296 241191 OS_Chr10_2616367_3045941
123 88.00 210123 210240 OS_Chr10_2616367_3045941 422371 422254 OS_Chr10_2616367_3045941
121 93.00 367472 367552 OS_Chr10_2616367_3045941 112260 112180 OS_Chr10_2616367_3045941
121 93.00 112180 112260 OS_Chr10_2616367_3045941 367552 367472 OS_Chr10_2616367_3045941
119 85.00 398139 398286 OS_Chr10_2616367_3045941 92665 92519 OS_Chr10_2616367_3045941
119 81.00 276355 276581 OS_Chr10_2616367_3045941 96101 95862 OS_Chr10_2616367_3045941
119 93.00 367470 367549 OS_Chr10_2616367_3045941 112260 112181 OS_Chr10_2616367_3045941
119 93.00 367468 367547 OS_Chr10_2616367_3045941 112260 112181 OS_Chr10_2616367_3045941
119 93.00 367466 367545 OS_Chr10_2616367_3045941 112260 112181 OS_Chr10_2616367_3045941
119 93.00 367464 367543 OS_Chr10_2616367_3045941 112260 112181 OS_Chr10_2616367_3045941
119 93.00 367462 367541 OS_Chr10_2616367_3045941 112260 112181 OS_Chr10_2616367_3045941
119 93.00 367460 367539 OS_Chr10_2616367_3045941 112260 112181 OS_Chr10_2616367_3045941
119 81.00 167769 167972 OS_Chr10_2616367_3045941 167461 167247 OS_Chr10_2616367_3045941
119 81.00 167247 167461 OS_Chr10_2616367_3045941 167972 167769 OS_Chr10_2616367_3045941
119 81.00 95862 96101 OS_Chr10_2616367_3045941 276581 276355 OS_Chr10_2616367_3045941
119 93.00 112181 112260 OS_Chr10_2616367_3045941 367539 367460 OS_Chr10_2616367_3045941
119 93.00 112181 112260 OS_Chr10_2616367_3045941 367541 367462 OS_Chr10_2616367_3045941
119 93.00 112181 112260 OS_Chr10_2616367_3045941 367543 367464 OS_Chr10_2616367_3045941
119 93.00 112181 112260 OS_Chr10_2616367_3045941 367545 367466 OS_Chr10_2616367_3045941
119 93.00 112181 112260 OS_Chr10_2616367_3045941 367547 367468 OS_Chr10_2616367_3045941
119 93.00 112181 112260 OS_Chr10_2616367_3045941 367549 367470 OS_Chr10_2616367_3045941
119 85.00 92519 92665 OS_Chr10_2616367_3045941 398286 398139 OS_Chr10_2616367_3045941
117 98.00 367446 367508 OS_Chr10_2616367_3045941 162664 162602 OS_Chr10_2616367_3045941
117 89.00 306838 306947 OS_Chr10_2616367_3045941 172189 172079 OS_Chr10_2616367_3045941
117 86.00 240162 240305 OS_Chr10_2616367_3045941 210267 210123 OS_Chr10_2616367_3045941
117 86.00 210123 210267 OS_Chr10_2616367_3045941 240305 240162 OS_Chr10_2616367_3045941
117 89.00 172079 172189 OS_Chr10_2616367_3045941 306947 306838 OS_Chr10_2616367_3045941
117 98.00 162602 162664 OS_Chr10_2616367_3045941 367508 367446 OS_Chr10_2616367_3045941
115 98.00 367444 367505 OS_Chr10_2616367_3045941 162664 162603 OS_Chr10_2616367_3045941
115 98.00 367442 367503 OS_Chr10_2616367_3045941 162664 162603 OS_Chr10_2616367_3045941
115 98.00 367440 367501 OS_Chr10_2616367_3045941 162664 162603 OS_Chr10_2616367_3045941
115 98.00 367438 367499 OS_Chr10_2616367_3045941 162664 162603 OS_Chr10_2616367_3045941
115 92.00 304332 304421 OS_Chr10_2616367_3045941 215296 215208 OS_Chr10_2616367_3045941
115 92.00 215208 215296 OS_Chr10_2616367_3045941 304421 304332 OS_Chr10_2616367_3045941
115 98.00 162603 162664 OS_Chr10_2616367_3045941 367499 367438 OS_Chr10_2616367_3045941
115 98.00 162603 162664 OS_Chr10_2616367_3045941 367501 367440 OS_Chr10_2616367_3045941
115 98.00 162603 162664 OS_Chr10_2616367_3045941 367503 367442 OS_Chr10_2616367_3045941
115 98.00 162603 162664 OS_Chr10_2616367_3045941 367505 367444 OS_Chr10_2616367_3045941
113 91.00 398964 399052 OS_Chr10_2616367_3045941 92024 91936 OS_Chr10_2616367_3045941
113 92.00 367476 367556 OS_Chr10_2616367_3045941 112260 112180 OS_Chr10_2616367_3045941
113 92.00 112180 112260 OS_Chr10_2616367_3045941 367556 367476 OS_Chr10_2616367_3045941
113 91.00 91936 92024 OS_Chr10_2616367_3045941 399052 398964 OS_Chr10_2616367_3045941
111 92.00 398385 398472 OS_Chr10_2616367_3045941 92511 92425 OS_Chr10_2616367_3045941
111 82.00 241181 241365 OS_Chr10_2616367_3045941 194164 193977 OS_Chr10_2616367_3045941
111 82.00 193977 194164 OS_Chr10_2616367_3045941 241365 241181 OS_Chr10_2616367_3045941
111 82.00 367437 367612 OS_Chr10_2616367_3045941 367612 367437 OS_Chr10_2616367_3045941
111 92.00 92425 92511 OS_Chr10_2616367_3045941 398472 398385 OS_Chr10_2616367_3045941
109 86.00 71743 71869 OS_Chr10_2616367_3045941 70433 70302 OS_Chr10_2616367_3045941
109 86.00 70302 70433 OS_Chr10_2616367_3045941 71869 71743 OS_Chr10_2616367_3045941
109 84.00 242116 242262 OS_Chr10_2616367_3045941 152398 152252 OS_Chr10_2616367_3045941
109 96.00 367456 367518 OS_Chr10_2616367_3045941 162664 162602 OS_Chr10_2616367_3045941
109 84.00 152252 152398 OS_Chr10_2616367_3045941 242262 242116 OS_Chr10_2616367_3045941
109 96.00 162602 162664 OS_Chr10_2616367_3045941 367518 367456 OS_Chr10_2616367_3045941
107 92.00 367491 367568 OS_Chr10_2616367_3045941 112257 112180 OS_Chr10_2616367_3045941
107 96.00 367454 367515 OS_Chr10_2616367_3045941 162664 162603 OS_Chr10_2616367_3045941
107 96.00 367452 367513 OS_Chr10_2616367_3045941 162664 162603 OS_Chr10_2616367_3045941
107 84.00 419795 419941 OS_Chr10_2616367_3045941 231782 231640 OS_Chr10_2616367_3045941
107 84.00 300659 300815 OS_Chr10_2616367_3045941 242267 242113 OS_Chr10_2616367_3045941
107 84.00 242113 242267 OS_Chr10_2616367_3045941 300815 300659 OS_Chr10_2616367_3045941
107 96.00 162603 162664 OS_Chr10_2616367_3045941 367513 367452 OS_Chr10_2616367_3045941
107 96.00 162603 162664 OS_Chr10_2616367_3045941 367515 367454 OS_Chr10_2616367_3045941
107 92.00 112180 112257 OS_Chr10_2616367_3045941 367568 367491 OS_Chr10_2616367_3045941
107 84.00 231640 231782 OS_Chr10_2616367_3045941 419941 419795 OS_Chr10_2616367_3045941
105 91.00 367496 367576 OS_Chr10_2616367_3045941 112260 112180 OS_Chr10_2616367_3045941
105 92.00 367491 367567 OS_Chr10_2616367_3045941 112259 112183 OS_Chr10_2616367_3045941
105 100.00 367438 367490 OS_Chr10_2616367_3045941 162654 162602 OS_Chr10_2616367_3045941
105 93.00 306955 307027 OS_Chr10_2616367_3045941 240243 240171 OS_Chr10_2616367_3045941
105 85.00 241176 241296 OS_Chr10_2616367_3045941 241094 240974 OS_Chr10_2616367_3045941
105 85.00 240974 241094 OS_Chr10_2616367_3045941 241296 241176 OS_Chr10_2616367_3045941
105 87.00 306839 306950 OS_Chr10_2616367_3045941 285039 284927 OS_Chr10_2616367_3045941
105 87.00 284927 285039 OS_Chr10_2616367_3045941 306950 306839 OS_Chr10_2616367_3045941
105 93.00 240171 240243 OS_Chr10_2616367_3045941 307027 306955 OS_Chr10_2616367_3045941
105 100.00 162602 162654 OS_Chr10_2616367_3045941 367490 367438 OS_Chr10_2616367_3045941
105 92.00 112183 112259 OS_Chr10_2616367_3045941 367567 367491 OS_Chr10_2616367_3045941
105 91.00 112180 112260 OS_Chr10_2616367_3045941 367576 367496 OS_Chr10_2616367_3045941
103 91.00 367494 367573 OS_Chr10_2616367_3045941 112260 112181 OS_Chr10_2616367_3045941
103 91.00 367486 367565 OS_Chr10_2616367_3045941 112260 112181 OS_Chr10_2616367_3045941
103 91.00 367484 367563 OS_Chr10_2616367_3045941 112260 112181 OS_Chr10_2616367_3045941
103 91.00 367482 367561 OS_Chr10_2616367_3045941 112260 112181 OS_Chr10_2616367_3045941
103 100.00 391724 391775 OS_Chr10_2616367_3045941 112232 112181 OS_Chr10_2616367_3045941
103 100.00 391724 391775 OS_Chr10_2616367_3045941 112234 112183 OS_Chr10_2616367_3045941
103 92.00 367492 367567 OS_Chr10_2616367_3045941 112260 112185 OS_Chr10_2616367_3045941
103 100.00 391724 391775 OS_Chr10_2616367_3045941 112236 112185 OS_Chr10_2616367_3045941
103 100.00 391724 391775 OS_Chr10_2616367_3045941 112238 112187 OS_Chr10_2616367_3045941
103 100.00 391724 391775 OS_Chr10_2616367_3045941 112240 112189 OS_Chr10_2616367_3045941
103 100.00 391724 391775 OS_Chr10_2616367_3045941 112242 112191 OS_Chr10_2616367_3045941
103 100.00 391724 391775 OS_Chr10_2616367_3045941 112244 112193 OS_Chr10_2616367_3045941
103 100.00 391724 391775 OS_Chr10_2616367_3045941 112246 112195 OS_Chr10_2616367_3045941
103 100.00 391724 391775 OS_Chr10_2616367_3045941 112248 112197 OS_Chr10_2616367_3045941
103 100.00 391724 391775 OS_Chr10_2616367_3045941 112250 112199 OS_Chr10_2616367_3045941
103 100.00 391724 391775 OS_Chr10_2616367_3045941 112252 112201 OS_Chr10_2616367_3045941
103 100.00 391724 391775 OS_Chr10_2616367_3045941 112254 112203 OS_Chr10_2616367_3045941
103 100.00 391724 391775 OS_Chr10_2616367_3045941 112256 112205 OS_Chr10_2616367_3045941
103 100.00 391724 391775 OS_Chr10_2616367_3045941 112258 112207 OS_Chr10_2616367_3045941
103 100.00 391724 391775 OS_Chr10_2616367_3045941 112260 112209 OS_Chr10_2616367_3045941
103 100.00 391724 391775 OS_Chr10_2616367_3045941 162654 162603 OS_Chr10_2616367_3045941
103 100.00 391724 391775 OS_Chr10_2616367_3045941 162656 162605 OS_Chr10_2616367_3045941
103 100.00 391724 391775 OS_Chr10_2616367_3045941 162658 162607 OS_Chr10_2616367_3045941
103 100.00 391724 391775 OS_Chr10_2616367_3045941 162660 162609 OS_Chr10_2616367_3045941
103 100.00 391724 391775 OS_Chr10_2616367_3045941 162662 162611 OS_Chr10_2616367_3045941
103 100.00 391724 391775 OS_Chr10_2616367_3045941 162664 162613 OS_Chr10_2616367_3045941
103 100.00 391724 391775 OS_Chr10_2616367_3045941 367489 367438 OS_Chr10_2616367_3045941
103 91.00 112181 112260 OS_Chr10_2616367_3045941 367561 367482 OS_Chr10_2616367_3045941
103 91.00 112181 112260 OS_Chr10_2616367_3045941 367563 367484 OS_Chr10_2616367_3045941
103 91.00 112181 112260 OS_Chr10_2616367_3045941 367565 367486 OS_Chr10_2616367_3045941
103 92.00 112185 112260 OS_Chr10_2616367_3045941 367567 367492 OS_Chr10_2616367_3045941
103 91.00 112181 112260 OS_Chr10_2616367_3045941 367573 367494 OS_Chr10_2616367_3045941
103 100.00 391724 391775 OS_Chr10_2616367_3045941 391775 391724 OS_Chr10_2616367_3045941
103 100.00 367438 367489 OS_Chr10_2616367_3045941 391775 391724 OS_Chr10_2616367_3045941
103 100.00 162613 162664 OS_Chr10_2616367_3045941 391775 391724 OS_Chr10_2616367_3045941
103 100.00 162611 162662 OS_Chr10_2616367_3045941 391775 391724 OS_Chr10_2616367_3045941
103 100.00 162609 162660 OS_Chr10_2616367_3045941 391775 391724 OS_Chr10_2616367_3045941
103 100.00 162607 162658 OS_Chr10_2616367_3045941 391775 391724 OS_Chr10_2616367_3045941
103 100.00 162605 162656 OS_Chr10_2616367_3045941 391775 391724 OS_Chr10_2616367_3045941
103 100.00 162603 162654 OS_Chr10_2616367_3045941 391775 391724 OS_Chr10_2616367_3045941
103 100.00 112209 112260 OS_Chr10_2616367_3045941 391775 391724 OS_Chr10_2616367_3045941
103 100.00 112207 112258 OS_Chr10_2616367_3045941 391775 391724 OS_Chr10_2616367_3045941
103 100.00 112205 112256 OS_Chr10_2616367_3045941 391775 391724 OS_Chr10_2616367_3045941
103 100.00 112203 112254 OS_Chr10_2616367_3045941 391775 391724 OS_Chr10_2616367_3045941
103 100.00 112201 112252 OS_Chr10_2616367_3045941 391775 391724 OS_Chr10_2616367_3045941
103 100.00 112199 112250 OS_Chr10_2616367_3045941 391775 391724 OS_Chr10_2616367_3045941
103 100.00 112197 112248 OS_Chr10_2616367_3045941 391775 391724 OS_Chr10_2616367_3045941
103 100.00 112195 112246 OS_Chr10_2616367_3045941 391775 391724 OS_Chr10_2616367_3045941
103 100.00 112193 112244 OS_Chr10_2616367_3045941 391775 391724 OS_Chr10_2616367_3045941
103 100.00 112191 112242 OS_Chr10_2616367_3045941 391775 391724 OS_Chr10_2616367_3045941
103 100.00 112189 112240 OS_Chr10_2616367_3045941 391775 391724 OS_Chr10_2616367_3045941
103 100.00 112187 112238 OS_Chr10_2616367_3045941 391775 391724 OS_Chr10_2616367_3045941
103 100.00 112185 112236 OS_Chr10_2616367_3045941 391775 391724 OS_Chr10_2616367_3045941
103 100.00 112183 112234 OS_Chr10_2616367_3045941 391775 391724 OS_Chr10_2616367_3045941
103 100.00 112181 112232 OS_Chr10_2616367_3045941 391775 391724 OS_Chr10_2616367_3045941
101 85.00 152252 152383 OS_Chr10_2616367_3045941 120545 120412 OS_Chr10_2616367_3045941
101 85.00 120412 120545 OS_Chr10_2616367_3045941 152383 152252 OS_Chr10_2616367_3045941
101 95.00 367464 367526 OS_Chr10_2616367_3045941 162664 162602 OS_Chr10_2616367_3045941
101 94.00 240317 240383 OS_Chr10_2616367_3045941 240211 240145 OS_Chr10_2616367_3045941
101 94.00 240145 240211 OS_Chr10_2616367_3045941 240383 240317 OS_Chr10_2616367_3045941
101 92.00 368538 368608 OS_Chr10_2616367_3045941 302561 302491 OS_Chr10_2616367_3045941
101 80.00 323796 323983 OS_Chr10_2616367_3045941 323209 323034 OS_Chr10_2616367_3045941
101 80.00 323034 323209 OS_Chr10_2616367_3045941 323983 323796 OS_Chr10_2616367_3045941
101 95.00 162602 162664 OS_Chr10_2616367_3045941 367526 367464 OS_Chr10_2616367_3045941
101 92.00 302491 302561 OS_Chr10_2616367_3045941 368608 368538 OS_Chr10_2616367_3045941
99 92.00 325534 325610 OS_Chr10_2616367_3045941 84035 83961 OS_Chr10_2616367_3045941
99 85.00 300663 300787 OS_Chr10_2616367_3045941 152398 152276 OS_Chr10_2616367_3045941
99 95.00 367462 367523 OS_Chr10_2616367_3045941 162664 162603 OS_Chr10_2616367_3045941
99 85.00 152276 152398 OS_Chr10_2616367_3045941 300787 300663 OS_Chr10_2616367_3045941
99 92.00 83961 84035 OS_Chr10_2616367_3045941 325610 325534 OS_Chr10_2616367_3045941
99 89.00 375420 375511 OS_Chr10_2616367_3045941 342756 342668 OS_Chr10_2616367_3045941
99 95.00 162603 162664 OS_Chr10_2616367_3045941 367523 367462 OS_Chr10_2616367_3045941
99 89.00 342668 342756 OS_Chr10_2616367_3045941 375511 375420 OS_Chr10_2616367_3045941
97 90.00 367500 367580 OS_Chr10_2616367_3045941 112260 112180 OS_Chr10_2616367_3045941
97 88.00 300720 300815 OS_Chr10_2616367_3045941 120487 120394 OS_Chr10_2616367_3045941
97 100.00 424244 424292 OS_Chr10_2616367_3045941 173449 173401 OS_Chr10_2616367_3045941
97 94.00 194133 194201 OS_Chr10_2616367_3045941 194033 193966 OS_Chr10_2616367_3045941
97 94.00 193966 194033 OS_Chr10_2616367_3045941 194201 194133 OS_Chr10_2616367_3045941
97 91.00 236964 237043 OS_Chr10_2616367_3045941 236882 236802 OS_Chr10_2616367_3045941
97 91.00 236802 236882 OS_Chr10_2616367_3045941 237043 236964 OS_Chr10_2616367_3045941
97 88.00 120394 120487 OS_Chr10_2616367_3045941 300815 300720 OS_Chr10_2616367_3045941
97 90.00 112180 112260 OS_Chr10_2616367_3045941 367580 367500 OS_Chr10_2616367_3045941
97 100.00 173401 173449 OS_Chr10_2616367_3045941 424292 424244 OS_Chr10_2616367_3045941
95 93.00 303713 303776 OS_Chr10_2616367_3045941 98328 98265 OS_Chr10_2616367_3045941
95 90.00 276508 276583 OS_Chr10_2616367_3045941 219350 219275 OS_Chr10_2616367_3045941
95 90.00 219275 219350 OS_Chr10_2616367_3045941 276583 276508 OS_Chr10_2616367_3045941
95 93.00 98265 98328 OS_Chr10_2616367_3045941 303776 303713 OS_Chr10_2616367_3045941
95 96.00 400873 400928 OS_Chr10_2616367_3045941 351060 351005 OS_Chr10_2616367_3045941
95 100.00 424243 424290 OS_Chr10_2616367_3045941 367490 367443 OS_Chr10_2616367_3045941
95 98.00 391724 391775 OS_Chr10_2616367_3045941 367495 367444 OS_Chr10_2616367_3045941
95 98.00 391724 391775 OS_Chr10_2616367_3045941 367497 367446 OS_Chr10_2616367_3045941
95 98.00 391724 391775 OS_Chr10_2616367_3045941 367499 367448 OS_Chr10_2616367_3045941
95 98.00 391724 391775 OS_Chr10_2616367_3045941 367501 367450 OS_Chr10_2616367_3045941
95 98.00 391724 391775 OS_Chr10_2616367_3045941 367503 367452 OS_Chr10_2616367_3045941
95 98.00 391724 391775 OS_Chr10_2616367_3045941 367505 367454 OS_Chr10_2616367_3045941
95 98.00 391724 391775 OS_Chr10_2616367_3045941 367507 367456 OS_Chr10_2616367_3045941
95 98.00 367456 367507 OS_Chr10_2616367_3045941 391775 391724 OS_Chr10_2616367_3045941
95 98.00 367454 367505 OS_Chr10_2616367_3045941 391775 391724 OS_Chr10_2616367_3045941
95 98.00 367452 367503 OS_Chr10_2616367_3045941 391775 391724 OS_Chr10_2616367_3045941
95 98.00 367450 367501 OS_Chr10_2616367_3045941 391775 391724 OS_Chr10_2616367_3045941
95 98.00 367448 367499 OS_Chr10_2616367_3045941 391775 391724 OS_Chr10_2616367_3045941
95 98.00 367446 367497 OS_Chr10_2616367_3045941 391775 391724 OS_Chr10_2616367_3045941
95 98.00 367444 367495 OS_Chr10_2616367_3045941 391775 391724 OS_Chr10_2616367_3045941
95 94.00 400316 400387 OS_Chr10_2616367_3045941 397780 397711 OS_Chr10_2616367_3045941
95 94.00 397711 397780 OS_Chr10_2616367_3045941 400387 400316 OS_Chr10_2616367_3045941
95 96.00 351005 351060 OS_Chr10_2616367_3045941 400928 400873 OS_Chr10_2616367_3045941
95 100.00 367443 367490 OS_Chr10_2616367_3045941 424290 424243 OS_Chr10_2616367_3045941
93 82.00 248676 248815 OS_Chr10_2616367_3045941 99243 99095 OS_Chr10_2616367_3045941
93 100.00 173403 173449 OS_Chr10_2616367_3045941 112227 112181 OS_Chr10_2616367_3045941
93 100.00 424244 424290 OS_Chr10_2616367_3045941 112228 112182 OS_Chr10_2616367_3045941
93 100.00 173403 173449 OS_Chr10_2616367_3045941 112229 112183 OS_Chr10_2616367_3045941
93 100.00 424244 424290 OS_Chr10_2616367_3045941 112230 112184 OS_Chr10_2616367_3045941
93 100.00 173403 173449 OS_Chr10_2616367_3045941 112231 112185 OS_Chr10_2616367_3045941
93 100.00 424244 424290 OS_Chr10_2616367_3045941 112232 112186 OS_Chr10_2616367_3045941
93 100.00 173403 173449 OS_Chr10_2616367_3045941 112233 112187 OS_Chr10_2616367_3045941
93 100.00 424244 424290 OS_Chr10_2616367_3045941 112234 112188 OS_Chr10_2616367_3045941
93 100.00 173403 173449 OS_Chr10_2616367_3045941 112235 112189 OS_Chr10_2616367_3045941
93 100.00 424244 424290 OS_Chr10_2616367_3045941 112236 112190 OS_Chr10_2616367_3045941
93 100.00 173403 173449 OS_Chr10_2616367_3045941 112237 112191 OS_Chr10_2616367_3045941
93 100.00 424244 424290 OS_Chr10_2616367_3045941 112238 112192 OS_Chr10_2616367_3045941
93 100.00 173403 173449 OS_Chr10_2616367_3045941 112239 112193 OS_Chr10_2616367_3045941
93 100.00 424244 424290 OS_Chr10_2616367_3045941 112240 112194 OS_Chr10_2616367_3045941
93 100.00 173403 173449 OS_Chr10_2616367_3045941 112241 112195 OS_Chr10_2616367_3045941
93 100.00 424244 424290 OS_Chr10_2616367_3045941 112242 112196 OS_Chr10_2616367_3045941
93 100.00 173403 173449 OS_Chr10_2616367_3045941 112243 112197 OS_Chr10_2616367_3045941
93 100.00 424244 424290 OS_Chr10_2616367_3045941 112244 112198 OS_Chr10_2616367_3045941
93 100.00 173403 173449 OS_Chr10_2616367_3045941 112245 112199 OS_Chr10_2616367_3045941
93 100.00 424244 424290 OS_Chr10_2616367_3045941 112246 112200 OS_Chr10_2616367_3045941
93 100.00 173403 173449 OS_Chr10_2616367_3045941 112247 112201 OS_Chr10_2616367_3045941
93 100.00 424244 424290 OS_Chr10_2616367_3045941 112248 112202 OS_Chr10_2616367_3045941
93 100.00 173403 173449 OS_Chr10_2616367_3045941 112249 112203 OS_Chr10_2616367_3045941
93 100.00 424244 424290 OS_Chr10_2616367_3045941 112250 112204 OS_Chr10_2616367_3045941
93 100.00 173403 173449 OS_Chr10_2616367_3045941 112251 112205 OS_Chr10_2616367_3045941
93 100.00 424244 424290 OS_Chr10_2616367_3045941 112252 112206 OS_Chr10_2616367_3045941
93 100.00 173403 173449 OS_Chr10_2616367_3045941 112253 112207 OS_Chr10_2616367_3045941
93 100.00 424244 424290 OS_Chr10_2616367_3045941 112254 112208 OS_Chr10_2616367_3045941
93 100.00 173403 173449 OS_Chr10_2616367_3045941 112255 112209 OS_Chr10_2616367_3045941
93 100.00 424244 424290 OS_Chr10_2616367_3045941 112256 112210 OS_Chr10_2616367_3045941
93 100.00 173403 173449 OS_Chr10_2616367_3045941 112257 112211 OS_Chr10_2616367_3045941
93 100.00 424244 424290 OS_Chr10_2616367_3045941 112258 112212 OS_Chr10_2616367_3045941
93 100.00 173403 173449 OS_Chr10_2616367_3045941 112259 112213 OS_Chr10_2616367_3045941
93 100.00 424244 424290 OS_Chr10_2616367_3045941 112260 112214 OS_Chr10_2616367_3045941
93 93.00 367472 367534 OS_Chr10_2616367_3045941 162664 162602 OS_Chr10_2616367_3045941
93 100.00 173403 173449 OS_Chr10_2616367_3045941 162649 162603 OS_Chr10_2616367_3045941
93 100.00 424244 424290 OS_Chr10_2616367_3045941 162650 162604 OS_Chr10_2616367_3045941
93 100.00 173403 173449 OS_Chr10_2616367_3045941 162651 162605 OS_Chr10_2616367_3045941
93 100.00 424244 424290 OS_Chr10_2616367_3045941 162652 162606 OS_Chr10_2616367_3045941
93 100.00 173403 173449 OS_Chr10_2616367_3045941 162653 162607 OS_Chr10_2616367_3045941
93 100.00 424244 424290 OS_Chr10_2616367_3045941 162654 162608 OS_Chr10_2616367_3045941
93 100.00 173403 173449 OS_Chr10_2616367_3045941 162655 162609 OS_Chr10_2616367_3045941
93 100.00 424244 424290 OS_Chr10_2616367_3045941 162656 162610 OS_Chr10_2616367_3045941
93 100.00 173403 173449 OS_Chr10_2616367_3045941 162657 162611 OS_Chr10_2616367_3045941
93 100.00 424244 424290 OS_Chr10_2616367_3045941 162658 162612 OS_Chr10_2616367_3045941
93 100.00 173403 173449 OS_Chr10_2616367_3045941 162659 162613 OS_Chr10_2616367_3045941
93 100.00 424244 424290 OS_Chr10_2616367_3045941 162660 162614 OS_Chr10_2616367_3045941
93 100.00 173403 173449 OS_Chr10_2616367_3045941 162661 162615 OS_Chr10_2616367_3045941
93 100.00 424244 424290 OS_Chr10_2616367_3045941 162662 162616 OS_Chr10_2616367_3045941
93 100.00 173403 173449 OS_Chr10_2616367_3045941 162663 162617 OS_Chr10_2616367_3045941
93 100.00 424244 424290 OS_Chr10_2616367_3045941 162664 162618 OS_Chr10_2616367_3045941
93 100.00 391728 391774 OS_Chr10_2616367_3045941 173449 173403 OS_Chr10_2616367_3045941
93 100.00 391726 391772 OS_Chr10_2616367_3045941 173449 173403 OS_Chr10_2616367_3045941
93 100.00 391724 391770 OS_Chr10_2616367_3045941 173449 173403 OS_Chr10_2616367_3045941
93 100.00 367442 367488 OS_Chr10_2616367_3045941 173449 173403 OS_Chr10_2616367_3045941
93 100.00 367440 367486 OS_Chr10_2616367_3045941 173449 173403 OS_Chr10_2616367_3045941
93 100.00 367438 367484 OS_Chr10_2616367_3045941 173449 173403 OS_Chr10_2616367_3045941
93 100.00 162617 162663 OS_Chr10_2616367_3045941 173449 173403 OS_Chr10_2616367_3045941
93 100.00 162615 162661 OS_Chr10_2616367_3045941 173449 173403 OS_Chr10_2616367_3045941
93 100.00 162613 162659 OS_Chr10_2616367_3045941 173449 173403 OS_Chr10_2616367_3045941
93 100.00 162611 162657 OS_Chr10_2616367_3045941 173449 173403 OS_Chr10_2616367_3045941
93 100.00 162609 162655 OS_Chr10_2616367_3045941 173449 173403 OS_Chr10_2616367_3045941
93 100.00 162607 162653 OS_Chr10_2616367_3045941 173449 173403 OS_Chr10_2616367_3045941
93 100.00 162605 162651 OS_Chr10_2616367_3045941 173449 173403 OS_Chr10_2616367_3045941
93 100.00 162603 162649 OS_Chr10_2616367_3045941 173449 173403 OS_Chr10_2616367_3045941
93 100.00 112213 112259 OS_Chr10_2616367_3045941 173449 173403 OS_Chr10_2616367_3045941
93 100.00 112211 112257 OS_Chr10_2616367_3045941 173449 173403 OS_Chr10_2616367_3045941
93 100.00 112209 112255 OS_Chr10_2616367_3045941 173449 173403 OS_Chr10_2616367_3045941
93 100.00 112207 112253 OS_Chr10_2616367_3045941 173449 173403 OS_Chr10_2616367_3045941
93 100.00 112205 112251 OS_Chr10_2616367_3045941 173449 173403 OS_Chr10_2616367_3045941
93 100.00 112203 112249 OS_Chr10_2616367_3045941 173449 173403 OS_Chr10_2616367_3045941
93 100.00 112201 112247 OS_Chr10_2616367_3045941 173449 173403 OS_Chr10_2616367_3045941
93 100.00 112199 112245 OS_Chr10_2616367_3045941 173449 173403 OS_Chr10_2616367_3045941
93 100.00 112197 112243 OS_Chr10_2616367_3045941 173449 173403 OS_Chr10_2616367_3045941
93 100.00 112195 112241 OS_Chr10_2616367_3045941 173449 173403 OS_Chr10_2616367_3045941
93 100.00 112193 112239 OS_Chr10_2616367_3045941 173449 173403 OS_Chr10_2616367_3045941
93 100.00 112191 112237 OS_Chr10_2616367_3045941 173449 173403 OS_Chr10_2616367_3045941
93 100.00 112189 112235 OS_Chr10_2616367_3045941 173449 173403 OS_Chr10_2616367_3045941
93 100.00 112187 112233 OS_Chr10_2616367_3045941 173449 173403 OS_Chr10_2616367_3045941
93 100.00 112185 112231 OS_Chr10_2616367_3045941 173449 173403 OS_Chr10_2616367_3045941
93 100.00 112183 112229 OS_Chr10_2616367_3045941 173449 173403 OS_Chr10_2616367_3045941
93 100.00 112181 112227 OS_Chr10_2616367_3045941 173449 173403 OS_Chr10_2616367_3045941
93 89.00 240882 240960 OS_Chr10_2616367_3045941 215376 215298 OS_Chr10_2616367_3045941
93 89.00 215298 215376 OS_Chr10_2616367_3045941 240960 240882 OS_Chr10_2616367_3045941
93 82.00 99095 99243 OS_Chr10_2616367_3045941 248815 248676 OS_Chr10_2616367_3045941
93 85.00 306839 306950 OS_Chr10_2616367_3045941 304492 304379 OS_Chr10_2616367_3045941
93 85.00 304379 304492 OS_Chr10_2616367_3045941 306950 306839 OS_Chr10_2616367_3045941
93 100.00 173403 173449 OS_Chr10_2616367_3045941 367484 367438 OS_Chr10_2616367_3045941
93 100.00 424244 424290 OS_Chr10_2616367_3045941 367485 367439 OS_Chr10_2616367_3045941
93 100.00 173403 173449 OS_Chr10_2616367_3045941 367486 367440 OS_Chr10_2616367_3045941
93 100.00 424244 424290 OS_Chr10_2616367_3045941 367487 367441 OS_Chr10_2616367_3045941
93 100.00 173403 173449 OS_Chr10_2616367_3045941 367488 367442 OS_Chr10_2616367_3045941
93 93.00 162602 162664 OS_Chr10_2616367_3045941 367534 367472 OS_Chr10_2616367_3045941
93 89.00 415360 415442 OS_Chr10_2616367_3045941 384776 384694 OS_Chr10_2616367_3045941
93 100.00 173403 173449 OS_Chr10_2616367_3045941 391770 391724 OS_Chr10_2616367_3045941
93 100.00 424244 424290 OS_Chr10_2616367_3045941 391771 391725 OS_Chr10_2616367_3045941
93 100.00 173403 173449 OS_Chr10_2616367_3045941 391772 391726 OS_Chr10_2616367_3045941
93 100.00 424244 424290 OS_Chr10_2616367_3045941 391773 391727 OS_Chr10_2616367_3045941
93 100.00 173403 173449 OS_Chr10_2616367_3045941 391774 391728 OS_Chr10_2616367_3045941
93 100.00 424244 424290 OS_Chr10_2616367_3045941 391775 391729 OS_Chr10_2616367_3045941
93 89.00 384694 384776 OS_Chr10_2616367_3045941 415442 415360 OS_Chr10_2616367_3045941
93 90.00 423287 423361 OS_Chr10_2616367_3045941 423361 423287 OS_Chr10_2616367_3045941
93 100.00 391729 391775 OS_Chr10_2616367_3045941 424290 424244 OS_Chr10_2616367_3045941
93 100.00 391727 391773 OS_Chr10_2616367_3045941 424290 424244 OS_Chr10_2616367_3045941
93 100.00 391725 391771 OS_Chr10_2616367_3045941 424290 424244 OS_Chr10_2616367_3045941
93 100.00 367441 367487 OS_Chr10_2616367_3045941 424290 424244 OS_Chr10_2616367_3045941
93 100.00 367439 367485 OS_Chr10_2616367_3045941 424290 424244 OS_Chr10_2616367_3045941
93 100.00 162618 162664 OS_Chr10_2616367_3045941 424290 424244 OS_Chr10_2616367_3045941
93 100.00 162616 162662 OS_Chr10_2616367_3045941 424290 424244 OS_Chr10_2616367_3045941
93 100.00 162614 162660 OS_Chr10_2616367_3045941 424290 424244 OS_Chr10_2616367_3045941
93 100.00 162612 162658 OS_Chr10_2616367_3045941 424290 424244 OS_Chr10_2616367_3045941
93 100.00 162610 162656 OS_Chr10_2616367_3045941 424290 424244 OS_Chr10_2616367_3045941
93 100.00 162608 162654 OS_Chr10_2616367_3045941 424290 424244 OS_Chr10_2616367_3045941
93 100.00 162606 162652 OS_Chr10_2616367_3045941 424290 424244 OS_Chr10_2616367_3045941
93 100.00 162604 162650 OS_Chr10_2616367_3045941 424290 424244 OS_Chr10_2616367_3045941
93 100.00 112214 112260 OS_Chr10_2616367_3045941 424290 424244 OS_Chr10_2616367_3045941
93 100.00 112212 112258 OS_Chr10_2616367_3045941 424290 424244 OS_Chr10_2616367_3045941
93 100.00 112210 112256 OS_Chr10_2616367_3045941 424290 424244 OS_Chr10_2616367_3045941
93 100.00 112208 112254 OS_Chr10_2616367_3045941 424290 424244 OS_Chr10_2616367_3045941
93 100.00 112206 112252 OS_Chr10_2616367_3045941 424290 424244 OS_Chr10_2616367_3045941
93 100.00 112204 112250 OS_Chr10_2616367_3045941 424290 424244 OS_Chr10_2616367_3045941
93 100.00 112202 112248 OS_Chr10_2616367_3045941 424290 424244 OS_Chr10_2616367_3045941
93 100.00 112200 112246 OS_Chr10_2616367_3045941 424290 424244 OS_Chr10_2616367_3045941
93 100.00 112198 112244 OS_Chr10_2616367_3045941 424290 424244 OS_Chr10_2616367_3045941
93 100.00 112196 112242 OS_Chr10_2616367_3045941 424290 424244 OS_Chr10_2616367_3045941
93 100.00 112194 112240 OS_Chr10_2616367_3045941 424290 424244 OS_Chr10_2616367_3045941
93 100.00 112192 112238 OS_Chr10_2616367_3045941 424290 424244 OS_Chr10_2616367_3045941
93 100.00 112190 112236 OS_Chr10_2616367_3045941 424290 424244 OS_Chr10_2616367_3045941
93 100.00 112188 112234 OS_Chr10_2616367_3045941 424290 424244 OS_Chr10_2616367_3045941
93 100.00 112186 112232 OS_Chr10_2616367_3045941 424290 424244 OS_Chr10_2616367_3045941
93 100.00 112184 112230 OS_Chr10_2616367_3045941 424290 424244 OS_Chr10_2616367_3045941
93 100.00 112182 112228 OS_Chr10_2616367_3045941 424290 424244 OS_Chr10_2616367_3045941
91 100.00 424244 424289 OS_Chr10_2616367_3045941 112226 112181 OS_Chr10_2616367_3045941
91 100.00 173404 173449 OS_Chr10_2616367_3045941 112260 112215 OS_Chr10_2616367_3045941
91 93.00 367491 367552 OS_Chr10_2616367_3045941 162663 162602 OS_Chr10_2616367_3045941
91 93.00 367470 367531 OS_Chr10_2616367_3045941 162664 162603 OS_Chr10_2616367_3045941
91 100.00 424244 424289 OS_Chr10_2616367_3045941 162648 162603 OS_Chr10_2616367_3045941
91 100.00 173404 173449 OS_Chr10_2616367_3045941 162664 162619 OS_Chr10_2616367_3045941
91 100.00 173403 173448 OS_Chr10_2616367_3045941 173448 173403 OS_Chr10_2616367_3045941
91 100.00 391730 391775 OS_Chr10_2616367_3045941 173449 173404 OS_Chr10_2616367_3045941
91 100.00 367444 367489 OS_Chr10_2616367_3045941 173449 173404 OS_Chr10_2616367_3045941
91 100.00 173404 173449 OS_Chr10_2616367_3045941 173449 173404 OS_Chr10_2616367_3045941
91 100.00 162619 162664 OS_Chr10_2616367_3045941 173449 173404 OS_Chr10_2616367_3045941
91 100.00 112215 112260 OS_Chr10_2616367_3045941 173449 173404 OS_Chr10_2616367_3045941
91 100.00 424244 424289 OS_Chr10_2616367_3045941 367483 367438 OS_Chr10_2616367_3045941
91 100.00 173404 173449 OS_Chr10_2616367_3045941 367489 367444 OS_Chr10_2616367_3045941
91 93.00 162603 162664 OS_Chr10_2616367_3045941 367531 367470 OS_Chr10_2616367_3045941
91 93.00 162602 162663 OS_Chr10_2616367_3045941 367552 367491 OS_Chr10_2616367_3045941
91 100.00 424244 424289 OS_Chr10_2616367_3045941 391769 391724 OS_Chr10_2616367_3045941
91 100.00 173404 173449 OS_Chr10_2616367_3045941 391775 391730 OS_Chr10_2616367_3045941
91 100.00 424244 424289 OS_Chr10_2616367_3045941 424289 424244 OS_Chr10_2616367_3045941
91 100.00 391724 391769 OS_Chr10_2616367_3045941 424289 424244 OS_Chr10_2616367_3045941
91 100.00 367438 367483 OS_Chr10_2616367_3045941 424289 424244 OS_Chr10_2616367_3045941
91 100.00 162603 162648 OS_Chr10_2616367_3045941 424289 424244 OS_Chr10_2616367_3045941
91 100.00 112181 112226 OS_Chr10_2616367_3045941 424289 424244 OS_Chr10_2616367_3045941
91 100.00 424245 424290 OS_Chr10_2616367_3045941 424290 424245 OS_Chr10_2616367_3045941
89 87.00 58950 59042 OS_Chr10_2616367_3045941 58785 58693 OS_Chr10_2616367_3045941
89 87.00 58693 58785 OS_Chr10_2616367_3045941 59042 58950 OS_Chr10_2616367_3045941
89 88.00 367504 367584 OS_Chr10_2616367_3045941 112260 112180 OS_Chr10_2616367_3045941
89 87.00 396111 396211 OS_Chr10_2616367_3045941 219518 219419 OS_Chr10_2616367_3045941
89 86.00 294067 294170 OS_Chr10_2616367_3045941 277274 277173 OS_Chr10_2616367_3045941
89 86.00 277173 277274 OS_Chr10_2616367_3045941 294170 294067 OS_Chr10_2616367_3045941
89 83.00 419791 419923 OS_Chr10_2616367_3045941 301132 301000 OS_Chr10_2616367_3045941
89 88.00 415381 415461 OS_Chr10_2616367_3045941 326465 326385 OS_Chr10_2616367_3045941
89 88.00 415381 415461 OS_Chr10_2616367_3045941 343505 343425 OS_Chr10_2616367_3045941
89 85.00 415580 415684 OS_Chr10_2616367_3045941 351059 350955 OS_Chr10_2616367_3045941
89 85.00 404907 405011 OS_Chr10_2616367_3045941 365934 365830 OS_Chr10_2616367_3045941
89 88.00 112180 112260 OS_Chr10_2616367_3045941 367584 367504 OS_Chr10_2616367_3045941
89 85.00 397145 397249 OS_Chr10_2616367_3045941 374970 374866 OS_Chr10_2616367_3045941
89 87.00 219419 219518 OS_Chr10_2616367_3045941 396211 396111 OS_Chr10_2616367_3045941
89 85.00 374866 374970 OS_Chr10_2616367_3045941 397249 397145 OS_Chr10_2616367_3045941
89 85.00 365830 365934 OS_Chr10_2616367_3045941 405011 404907 OS_Chr10_2616367_3045941
89 88.00 343425 343505 OS_Chr10_2616367_3045941 415461 415381 OS_Chr10_2616367_3045941
89 88.00 326385 326465 OS_Chr10_2616367_3045941 415461 415381 OS_Chr10_2616367_3045941
89 85.00 350955 351059 OS_Chr10_2616367_3045941 415684 415580 OS_Chr10_2616367_3045941
89 83.00 301000 301132 OS_Chr10_2616367_3045941 419923 419791 OS_Chr10_2616367_3045941
87 88.00 80118 80197 OS_Chr10_2616367_3045941 80038 79959 OS_Chr10_2616367_3045941
87 88.00 79959 80038 OS_Chr10_2616367_3045941 80197 80118 OS_Chr10_2616367_3045941
87 93.00 367492 367551 OS_Chr10_2616367_3045941 162664 162605 OS_Chr10_2616367_3045941
87 96.00 205557 205608 OS_Chr10_2616367_3045941 204973 204922 OS_Chr10_2616367_3045941
87 96.00 204922 204973 OS_Chr10_2616367_3045941 205608 205557 OS_Chr10_2616367_3045941
87 89.00 241052 241127 OS_Chr10_2616367_3045941 240958 240883 OS_Chr10_2616367_3045941
87 89.00 240883 240958 OS_Chr10_2616367_3045941 241127 241052 OS_Chr10_2616367_3045941
87 100.00 415407 415450 OS_Chr10_2616367_3045941 282517 282474 OS_Chr10_2616367_3045941
87 89.00 306952 307027 OS_Chr10_2616367_3045941 284901 284826 OS_Chr10_2616367_3045941
87 92.00 361333 361396 OS_Chr10_2616367_3045941 295754 295691 OS_Chr10_2616367_3045941
87 92.00 422453 422516 OS_Chr10_2616367_3045941 303776 303713 OS_Chr10_2616367_3045941
87 89.00 284826 284901 OS_Chr10_2616367_3045941 307027 306952 OS_Chr10_2616367_3045941
87 92.00 295691 295754 OS_Chr10_2616367_3045941 361396 361333 OS_Chr10_2616367_3045941
87 94.00 400873 400928 OS_Chr10_2616367_3045941 365935 365880 OS_Chr10_2616367_3045941
87 97.00 424243 424290 OS_Chr10_2616367_3045941 367508 367461 OS_Chr10_2616367_3045941
87 96.00 391724 391775 OS_Chr10_2616367_3045941 367513 367462 OS_Chr10_2616367_3045941
87 96.00 391724 391775 OS_Chr10_2616367_3045941 367515 367464 OS_Chr10_2616367_3045941
87 96.00 391724 391775 OS_Chr10_2616367_3045941 367517 367466 OS_Chr10_2616367_3045941
87 93.00 162605 162664 OS_Chr10_2616367_3045941 367551 367492 OS_Chr10_2616367_3045941
87 96.00 367466 367517 OS_Chr10_2616367_3045941 391775 391724 OS_Chr10_2616367_3045941
87 96.00 367464 367515 OS_Chr10_2616367_3045941 391775 391724 OS_Chr10_2616367_3045941
87 96.00 367462 367513 OS_Chr10_2616367_3045941 391775 391724 OS_Chr10_2616367_3045941
87 93.00 395754 395813 OS_Chr10_2616367_3045941 395606 395547 OS_Chr10_2616367_3045941
87 93.00 395547 395606 OS_Chr10_2616367_3045941 395813 395754 OS_Chr10_2616367_3045941
87 94.00 365880 365935 OS_Chr10_2616367_3045941 400928 400873 OS_Chr10_2616367_3045941
87 100.00 282474 282517 OS_Chr10_2616367_3045941 415450 415407 OS_Chr10_2616367_3045941
87 92.00 303713 303776 OS_Chr10_2616367_3045941 422516 422453 OS_Chr10_2616367_3045941
87 97.00 367461 367508 OS_Chr10_2616367_3045941 424290 424243 OS_Chr10_2616367_3045941
85 92.00 367494 367556 OS_Chr10_2616367_3045941 162664 162602 OS_Chr10_2616367_3045941
85 97.00 367460 367506 OS_Chr10_2616367_3045941 173449 173403 OS_Chr10_2616367_3045941
85 97.00 367458 367504 OS_Chr10_2616367_3045941 173449 173403 OS_Chr10_2616367_3045941
85 97.00 367456 367502 OS_Chr10_2616367_3045941 173449 173403 OS_Chr10_2616367_3045941
85 97.00 367454 367500 OS_Chr10_2616367_3045941 173449 173403 OS_Chr10_2616367_3045941
85 97.00 367452 367498 OS_Chr10_2616367_3045941 173449 173403 OS_Chr10_2616367_3045941
85 97.00 367450 367496 OS_Chr10_2616367_3045941 173449 173403 OS_Chr10_2616367_3045941
85 97.00 367448 367494 OS_Chr10_2616367_3045941 173449 173403 OS_Chr10_2616367_3045941
85 90.00 312774 312848 OS_Chr10_2616367_3045941 312644 312571 OS_Chr10_2616367_3045941
85 90.00 312571 312644 OS_Chr10_2616367_3045941 312848 312774 OS_Chr10_2616367_3045941
85 97.00 173403 173449 OS_Chr10_2616367_3045941 367494 367448 OS_Chr10_2616367_3045941
85 97.00 424244 424290 OS_Chr10_2616367_3045941 367495 367449 OS_Chr10_2616367_3045941
85 97.00 173403 173449 OS_Chr10_2616367_3045941 367496 367450 OS_Chr10_2616367_3045941
85 97.00 424244 424290 OS_Chr10_2616367_3045941 367497 367451 OS_Chr10_2616367_3045941
85 97.00 173403 173449 OS_Chr10_2616367_3045941 367498 367452 OS_Chr10_2616367_3045941
85 97.00 424244 424290 OS_Chr10_2616367_3045941 367499 367453 OS_Chr10_2616367_3045941
85 97.00 173403 173449 OS_Chr10_2616367_3045941 367500 367454 OS_Chr10_2616367_3045941
85 97.00 424244 424290 OS_Chr10_2616367_3045941 367501 367455 OS_Chr10_2616367_3045941
85 97.00 173403 173449 OS_Chr10_2616367_3045941 367502 367456 OS_Chr10_2616367_3045941
85 97.00 424244 424290 OS_Chr10_2616367_3045941 367503 367457 OS_Chr10_2616367_3045941
85 97.00 173403 173449 OS_Chr10_2616367_3045941 367504 367458 OS_Chr10_2616367_3045941
85 97.00 424244 424290 OS_Chr10_2616367_3045941 367505 367459 OS_Chr10_2616367_3045941
85 97.00 173403 173449 OS_Chr10_2616367_3045941 367506 367460 OS_Chr10_2616367_3045941
85 92.00 162602 162664 OS_Chr10_2616367_3045941 367556 367494 OS_Chr10_2616367_3045941
85 89.00 403182 403264 OS_Chr10_2616367_3045941 402954 402873 OS_Chr10_2616367_3045941
85 89.00 402873 402954 OS_Chr10_2616367_3045941 403264 403182 OS_Chr10_2616367_3045941
85 97.00 367459 367505 OS_Chr10_2616367_3045941 424290 424244 OS_Chr10_2616367_3045941
85 97.00 367457 367503 OS_Chr10_2616367_3045941 424290 424244 OS_Chr10_2616367_3045941
85 97.00 367455 367501 OS_Chr10_2616367_3045941 424290 424244 OS_Chr10_2616367_3045941
85 97.00 367453 367499 OS_Chr10_2616367_3045941 424290 424244 OS_Chr10_2616367_3045941
85 97.00 367451 367497 OS_Chr10_2616367_3045941 424290 424244 OS_Chr10_2616367_3045941
85 97.00 367449 367495 OS_Chr10_2616367_3045941 424290 424244 OS_Chr10_2616367_3045941
83 83.00 356917 357039 OS_Chr10_2616367_3045941 58276 58158 OS_Chr10_2616367_3045941
83 96.00 392605 392654 OS_Chr10_2616367_3045941 78070 78021 OS_Chr10_2616367_3045941
83 91.00 224547 224608 OS_Chr10_2616367_3045941 152569 152508 OS_Chr10_2616367_3045941
83 91.00 367486 367547 OS_Chr10_2616367_3045941 162664 162603 OS_Chr10_2616367_3045941
83 91.00 367484 367545 OS_Chr10_2616367_3045941 162664 162603 OS_Chr10_2616367_3045941
83 91.00 367482 367543 OS_Chr10_2616367_3045941 162664 162603 OS_Chr10_2616367_3045941
83 91.00 367480 367541 OS_Chr10_2616367_3045941 162664 162603 OS_Chr10_2616367_3045941
83 91.00 367478 367539 OS_Chr10_2616367_3045941 162664 162603 OS_Chr10_2616367_3045941
83 97.00 367462 367507 OS_Chr10_2616367_3045941 173449 173404 OS_Chr10_2616367_3045941
83 82.00 213028 213161 OS_Chr10_2616367_3045941 179906 179773 OS_Chr10_2616367_3045941
83 82.00 179773 179906 OS_Chr10_2616367_3045941 213161 213028 OS_Chr10_2616367_3045941
83 88.00 306837 306914 OS_Chr10_2616367_3045941 215375 215298 OS_Chr10_2616367_3045941
83 91.00 152508 152569 OS_Chr10_2616367_3045941 224608 224547 OS_Chr10_2616367_3045941
83 88.00 306835 306912 OS_Chr10_2616367_3045941 241129 241052 OS_Chr10_2616367_3045941
83 85.00 423509 423606 OS_Chr10_2616367_3045941 302588 302491 OS_Chr10_2616367_3045941
83 88.00 241052 241129 OS_Chr10_2616367_3045941 306912 306835 OS_Chr10_2616367_3045941
83 88.00 215298 215375 OS_Chr10_2616367_3045941 306914 306837 OS_Chr10_2616367_3045941
83 83.00 58158 58276 OS_Chr10_2616367_3045941 357039 356917 OS_Chr10_2616367_3045941
83 97.00 173404 173449 OS_Chr10_2616367_3045941 367507 367462 OS_Chr10_2616367_3045941
83 91.00 162603 162664 OS_Chr10_2616367_3045941 367539 367478 OS_Chr10_2616367_3045941
83 91.00 162603 162664 OS_Chr10_2616367_3045941 367541 367480 OS_Chr10_2616367_3045941
83 91.00 162603 162664 OS_Chr10_2616367_3045941 367543 367482 OS_Chr10_2616367_3045941
83 91.00 162603 162664 OS_Chr10_2616367_3045941 367545 367484 OS_Chr10_2616367_3045941
83 91.00 162603 162664 OS_Chr10_2616367_3045941 367547 367486 OS_Chr10_2616367_3045941
83 96.00 78021 78070 OS_Chr10_2616367_3045941 392654 392605 OS_Chr10_2616367_3045941
83 85.00 302491 302588 OS_Chr10_2616367_3045941 423606 423509 OS_Chr10_2616367_3045941
81 85.00 205446 205546 OS_Chr10_2616367_3045941 205027 204927 OS_Chr10_2616367_3045941
81 85.00 204927 205027 OS_Chr10_2616367_3045941 205546 205446 OS_Chr10_2616367_3045941
81 89.00 215306 215374 OS_Chr10_2616367_3045941 215205 215137 OS_Chr10_2616367_3045941
81 89.00 215137 215205 OS_Chr10_2616367_3045941 215374 215306 OS_Chr10_2616367_3045941
81 86.00 241881 241973 OS_Chr10_2616367_3045941 219417 219325 OS_Chr10_2616367_3045941
81 86.00 219325 219417 OS_Chr10_2616367_3045941 241973 241881 OS_Chr10_2616367_3045941
81 88.00 396278 396354 OS_Chr10_2616367_3045941 306912 306836 OS_Chr10_2616367_3045941
81 85.00 415580 415676 OS_Chr10_2616367_3045941 326279 326183 OS_Chr10_2616367_3045941
81 85.00 415580 415676 OS_Chr10_2616367_3045941 343319 343223 OS_Chr10_2616367_3045941
81 84.00 404907 405011 OS_Chr10_2616367_3045941 351059 350955 OS_Chr10_2616367_3045941
81 100.00 424251 424291 OS_Chr10_2616367_3045941 357860 357820 OS_Chr10_2616367_3045941
81 84.00 415580 415684 OS_Chr10_2616367_3045941 365934 365830 OS_Chr10_2616367_3045941
81 88.00 306836 306912 OS_Chr10_2616367_3045941 396354 396278 OS_Chr10_2616367_3045941
81 84.00 350955 351059 OS_Chr10_2616367_3045941 405011 404907 OS_Chr10_2616367_3045941
81 84.00 365830 365934 OS_Chr10_2616367_3045941 415684 415580 OS_Chr10_2616367_3045941
81 85.00 343223 343319 OS_Chr10_2616367_3045941 415676 415580 OS_Chr10_2616367_3045941
81 85.00 326183 326279 OS_Chr10_2616367_3045941 415676 415580 OS_Chr10_2616367_3045941
81 100.00 357820 357860 OS_Chr10_2616367_3045941 424291 424251 OS_Chr10_2616367_3045941
79 92.00 135429 135484 OS_Chr10_2616367_3045941 87576 87521 OS_Chr10_2616367_3045941
79 100.00 357821 357860 OS_Chr10_2616367_3045941 112221 112182 OS_Chr10_2616367_3045941
79 100.00 357821 357860 OS_Chr10_2616367_3045941 112223 112184 OS_Chr10_2616367_3045941
79 100.00 357821 357860 OS_Chr10_2616367_3045941 112225 112186 OS_Chr10_2616367_3045941
79 100.00 357821 357860 OS_Chr10_2616367_3045941 112227 112188 OS_Chr10_2616367_3045941
79 100.00 357821 357860 OS_Chr10_2616367_3045941 112229 112190 OS_Chr10_2616367_3045941
79 100.00 357821 357860 OS_Chr10_2616367_3045941 112231 112192 OS_Chr10_2616367_3045941
79 100.00 357821 357860 OS_Chr10_2616367_3045941 112233 112194 OS_Chr10_2616367_3045941
79 100.00 357821 357860 OS_Chr10_2616367_3045941 112235 112196 OS_Chr10_2616367_3045941
79 100.00 357821 357860 OS_Chr10_2616367_3045941 112237 112198 OS_Chr10_2616367_3045941
79 100.00 357821 357860 OS_Chr10_2616367_3045941 112239 112200 OS_Chr10_2616367_3045941
79 100.00 357821 357860 OS_Chr10_2616367_3045941 112241 112202 OS_Chr10_2616367_3045941
79 100.00 357821 357860 OS_Chr10_2616367_3045941 112243 112204 OS_Chr10_2616367_3045941
79 100.00 357821 357860 OS_Chr10_2616367_3045941 112245 112206 OS_Chr10_2616367_3045941
79 100.00 357821 357860 OS_Chr10_2616367_3045941 112247 112208 OS_Chr10_2616367_3045941
79 100.00 357821 357860 OS_Chr10_2616367_3045941 112249 112210 OS_Chr10_2616367_3045941
79 100.00 357821 357860 OS_Chr10_2616367_3045941 112251 112212 OS_Chr10_2616367_3045941
79 100.00 357821 357860 OS_Chr10_2616367_3045941 112253 112214 OS_Chr10_2616367_3045941
79 100.00 357821 357860 OS_Chr10_2616367_3045941 112255 112216 OS_Chr10_2616367_3045941
79 100.00 357821 357860 OS_Chr10_2616367_3045941 112257 112218 OS_Chr10_2616367_3045941
79 100.00 357821 357860 OS_Chr10_2616367_3045941 112259 112220 OS_Chr10_2616367_3045941
79 92.00 87521 87576 OS_Chr10_2616367_3045941 135484 135429 OS_Chr10_2616367_3045941
79 100.00 153188 153227 OS_Chr10_2616367_3045941 153227 153188 OS_Chr10_2616367_3045941
79 91.00 367509 367568 OS_Chr10_2616367_3045941 162661 162602 OS_Chr10_2616367_3045941
79 100.00 357821 357860 OS_Chr10_2616367_3045941 162643 162604 OS_Chr10_2616367_3045941
79 100.00 357821 357860 OS_Chr10_2616367_3045941 162645 162606 OS_Chr10_2616367_3045941
79 100.00 357821 357860 OS_Chr10_2616367_3045941 162647 162608 OS_Chr10_2616367_3045941
79 100.00 357821 357860 OS_Chr10_2616367_3045941 162649 162610 OS_Chr10_2616367_3045941
79 100.00 357821 357860 OS_Chr10_2616367_3045941 162651 162612 OS_Chr10_2616367_3045941
79 100.00 357821 357860 OS_Chr10_2616367_3045941 162653 162614 OS_Chr10_2616367_3045941
79 100.00 357821 357860 OS_Chr10_2616367_3045941 162655 162616 OS_Chr10_2616367_3045941
79 100.00 357821 357860 OS_Chr10_2616367_3045941 162657 162618 OS_Chr10_2616367_3045941
79 100.00 357821 357860 OS_Chr10_2616367_3045941 162659 162620 OS_Chr10_2616367_3045941
79 100.00 357821 357860 OS_Chr10_2616367_3045941 162661 162622 OS_Chr10_2616367_3045941
79 100.00 357821 357860 OS_Chr10_2616367_3045941 162663 162624 OS_Chr10_2616367_3045941
79 100.00 357821 357860 OS_Chr10_2616367_3045941 173442 173403 OS_Chr10_2616367_3045941
79 100.00 357821 357860 OS_Chr10_2616367_3045941 173444 173405 OS_Chr10_2616367_3045941
79 100.00 357821 357860 OS_Chr10_2616367_3045941 173446 173407 OS_Chr10_2616367_3045941
79 100.00 357821 357860 OS_Chr10_2616367_3045941 173448 173409 OS_Chr10_2616367_3045941
79 97.00 404497 404540 OS_Chr10_2616367_3045941 282517 282474 OS_Chr10_2616367_3045941
79 92.00 415385 415440 OS_Chr10_2616367_3045941 307176 307121 OS_Chr10_2616367_3045941
79 92.00 400873 400928 OS_Chr10_2616367_3045941 334397 334342 OS_Chr10_2616367_3045941
79 90.00 375420 375489 OS_Chr10_2616367_3045941 350496 350430 OS_Chr10_2616367_3045941
79 100.00 424249 424288 OS_Chr10_2616367_3045941 357860 357821 OS_Chr10_2616367_3045941
79 100.00 424247 424286 OS_Chr10_2616367_3045941 357860 357821 OS_Chr10_2616367_3045941
79 100.00 424245 424284 OS_Chr10_2616367_3045941 357860 357821 OS_Chr10_2616367_3045941
79 100.00 391735 391774 OS_Chr10_2616367_3045941 357860 357821 OS_Chr10_2616367_3045941
79 100.00 391733 391772 OS_Chr10_2616367_3045941 357860 357821 OS_Chr10_2616367_3045941
79 100.00 391731 391770 OS_Chr10_2616367_3045941 357860 357821 OS_Chr10_2616367_3045941
79 100.00 391729 391768 OS_Chr10_2616367_3045941 357860 357821 OS_Chr10_2616367_3045941
79 100.00 391727 391766 OS_Chr10_2616367_3045941 357860 357821 OS_Chr10_2616367_3045941
79 100.00 391725 391764 OS_Chr10_2616367_3045941 357860 357821 OS_Chr10_2616367_3045941
79 100.00 367449 367488 OS_Chr10_2616367_3045941 357860 357821 OS_Chr10_2616367_3045941
79 100.00 367447 367486 OS_Chr10_2616367_3045941 357860 357821 OS_Chr10_2616367_3045941
79 100.00 367445 367484 OS_Chr10_2616367_3045941 357860 357821 OS_Chr10_2616367_3045941
79 100.00 367443 367482 OS_Chr10_2616367_3045941 357860 357821 OS_Chr10_2616367_3045941
79 100.00 367441 367480 OS_Chr10_2616367_3045941 357860 357821 OS_Chr10_2616367_3045941
79 100.00 367439 367478 OS_Chr10_2616367_3045941 357860 357821 OS_Chr10_2616367_3045941
79 100.00 357821 357860 OS_Chr10_2616367_3045941 357860 357821 OS_Chr10_2616367_3045941
79 100.00 173409 173448 OS_Chr10_2616367_3045941 357860 357821 OS_Chr10_2616367_3045941
79 100.00 173407 173446 OS_Chr10_2616367_3045941 357860 357821 OS_Chr10_2616367_3045941
79 100.00 173405 173444 OS_Chr10_2616367_3045941 357860 357821 OS_Chr10_2616367_3045941
79 100.00 173403 173442 OS_Chr10_2616367_3045941 357860 357821 OS_Chr10_2616367_3045941
79 100.00 162624 162663 OS_Chr10_2616367_3045941 357860 357821 OS_Chr10_2616367_3045941
79 100.00 162622 162661 OS_Chr10_2616367_3045941 357860 357821 OS_Chr10_2616367_3045941
79 100.00 162620 162659 OS_Chr10_2616367_3045941 357860 357821 OS_Chr10_2616367_3045941
79 100.00 162618 162657 OS_Chr10_2616367_3045941 357860 357821 OS_Chr10_2616367_3045941
79 100.00 162616 162655 OS_Chr10_2616367_3045941 357860 357821 OS_Chr10_2616367_3045941
79 100.00 162614 162653 OS_Chr10_2616367_3045941 357860 357821 OS_Chr10_2616367_3045941
79 100.00 162612 162651 OS_Chr10_2616367_3045941 357860 357821 OS_Chr10_2616367_3045941
79 100.00 162610 162649 OS_Chr10_2616367_3045941 357860 357821 OS_Chr10_2616367_3045941
79 100.00 162608 162647 OS_Chr10_2616367_3045941 357860 357821 OS_Chr10_2616367_3045941
79 100.00 162606 162645 OS_Chr10_2616367_3045941 357860 357821 OS_Chr10_2616367_3045941
79 100.00 162604 162643 OS_Chr10_2616367_3045941 357860 357821 OS_Chr10_2616367_3045941
79 100.00 112220 112259 OS_Chr10_2616367_3045941 357860 357821 OS_Chr10_2616367_3045941
79 100.00 112218 112257 OS_Chr10_2616367_3045941 357860 357821 OS_Chr10_2616367_3045941
79 100.00 112216 112255 OS_Chr10_2616367_3045941 357860 357821 OS_Chr10_2616367_3045941
79 100.00 112214 112253 OS_Chr10_2616367_3045941 357860 357821 OS_Chr10_2616367_3045941
79 100.00 112212 112251 OS_Chr10_2616367_3045941 357860 357821 OS_Chr10_2616367_3045941
79 100.00 112210 112249 OS_Chr10_2616367_3045941 357860 357821 OS_Chr10_2616367_3045941
79 100.00 112208 112247 OS_Chr10_2616367_3045941 357860 357821 OS_Chr10_2616367_3045941
79 100.00 112206 112245 OS_Chr10_2616367_3045941 357860 357821 OS_Chr10_2616367_3045941
79 100.00 112204 112243 OS_Chr10_2616367_3045941 357860 357821 OS_Chr10_2616367_3045941
79 100.00 112202 112241 OS_Chr10_2616367_3045941 357860 357821 OS_Chr10_2616367_3045941
79 100.00 112200 112239 OS_Chr10_2616367_3045941 357860 357821 OS_Chr10_2616367_3045941
79 100.00 112198 112237 OS_Chr10_2616367_3045941 357860 357821 OS_Chr10_2616367_3045941
79 100.00 112196 112235 OS_Chr10_2616367_3045941 357860 357821 OS_Chr10_2616367_3045941
79 100.00 112194 112233 OS_Chr10_2616367_3045941 357860 357821 OS_Chr10_2616367_3045941
79 100.00 112192 112231 OS_Chr10_2616367_3045941 357860 357821 OS_Chr10_2616367_3045941
79 100.00 112190 112229 OS_Chr10_2616367_3045941 357860 357821 OS_Chr10_2616367_3045941
79 100.00 112188 112227 OS_Chr10_2616367_3045941 357860 357821 OS_Chr10_2616367_3045941
79 100.00 112186 112225 OS_Chr10_2616367_3045941 357860 357821 OS_Chr10_2616367_3045941
79 100.00 112184 112223 OS_Chr10_2616367_3045941 357860 357821 OS_Chr10_2616367_3045941
79 100.00 112182 112221 OS_Chr10_2616367_3045941 357860 357821 OS_Chr10_2616367_3045941
79 100.00 357821 357860 OS_Chr10_2616367_3045941 367478 367439 OS_Chr10_2616367_3045941
79 100.00 357821 357860 OS_Chr10_2616367_3045941 367480 367441 OS_Chr10_2616367_3045941
79 100.00 357821 357860 OS_Chr10_2616367_3045941 367482 367443 OS_Chr10_2616367_3045941
79 100.00 357821 357860 OS_Chr10_2616367_3045941 367484 367445 OS_Chr10_2616367_3045941
79 100.00 357821 357860 OS_Chr10_2616367_3045941 367486 367447 OS_Chr10_2616367_3045941
79 100.00 357821 357860 OS_Chr10_2616367_3045941 367488 367449 OS_Chr10_2616367_3045941
79 95.00 424243 424290 OS_Chr10_2616367_3045941 367518 367471 OS_Chr10_2616367_3045941
79 94.00 391724 391775 OS_Chr10_2616367_3045941 367523 367472 OS_Chr10_2616367_3045941
79 94.00 391724 391775 OS_Chr10_2616367_3045941 367525 367474 OS_Chr10_2616367_3045941
79 91.00 162602 162661 OS_Chr10_2616367_3045941 367568 367509 OS_Chr10_2616367_3045941
79 90.00 350430 350496 OS_Chr10_2616367_3045941 375489 375420 OS_Chr10_2616367_3045941
79 83.00 401064 401175 OS_Chr10_2616367_3045941 383498 383387 OS_Chr10_2616367_3045941
79 94.00 367474 367525 OS_Chr10_2616367_3045941 391775 391724 OS_Chr10_2616367_3045941
79 94.00 367472 367523 OS_Chr10_2616367_3045941 391775 391724 OS_Chr10_2616367_3045941
79 100.00 357821 357860 OS_Chr10_2616367_3045941 391764 391725 OS_Chr10_2616367_3045941
79 100.00 357821 357860 OS_Chr10_2616367_3045941 391766 391727 OS_Chr10_2616367_3045941
79 100.00 357821 357860 OS_Chr10_2616367_3045941 391768 391729 OS_Chr10_2616367_3045941
79 100.00 357821 357860 OS_Chr10_2616367_3045941 391770 391731 OS_Chr10_2616367_3045941
79 100.00 357821 357860 OS_Chr10_2616367_3045941 391772 391733 OS_Chr10_2616367_3045941
79 100.00 357821 357860 OS_Chr10_2616367_3045941 391774 391735 OS_Chr10_2616367_3045941
79 92.00 334342 334397 OS_Chr10_2616367_3045941 400928 400873 OS_Chr10_2616367_3045941
79 83.00 383387 383498 OS_Chr10_2616367_3045941 401175 401064 OS_Chr10_2616367_3045941
79 97.00 282474 282517 OS_Chr10_2616367_3045941 404540 404497 OS_Chr10_2616367_3045941
79 92.00 307121 307176 OS_Chr10_2616367_3045941 415440 415385 OS_Chr10_2616367_3045941
79 95.00 367471 367518 OS_Chr10_2616367_3045941 424290 424243 OS_Chr10_2616367_3045941
79 100.00 357821 357860 OS_Chr10_2616367_3045941 424284 424245 OS_Chr10_2616367_3045941
79 100.00 357821 357860 OS_Chr10_2616367_3045941 424286 424247 OS_Chr10_2616367_3045941
79 100.00 357821 357860 OS_Chr10_2616367_3045941 424288 424249 OS_Chr10_2616367_3045941
77 100.00 357821 357859 OS_Chr10_2616367_3045941 112219 112181 OS_Chr10_2616367_3045941
77 100.00 357822 357860 OS_Chr10_2616367_3045941 112260 112222 OS_Chr10_2616367_3045941
77 84.00 153144 153250 OS_Chr10_2616367_3045941 153250 153144 OS_Chr10_2616367_3045941
77 90.00 367514 367576 OS_Chr10_2616367_3045941 162664 162602 OS_Chr10_2616367_3045941
77 100.00 357821 357859 OS_Chr10_2616367_3045941 162641 162603 OS_Chr10_2616367_3045941
77 91.00 367509 367567 OS_Chr10_2616367_3045941 162663 162605 OS_Chr10_2616367_3045941
77 100.00 357822 357860 OS_Chr10_2616367_3045941 162664 162626 OS_Chr10_2616367_3045941
77 87.00 284961 285039 OS_Chr10_2616367_3045941 172029 171951 OS_Chr10_2616367_3045941
77 95.00 367470 367516 OS_Chr10_2616367_3045941 173449 173403 OS_Chr10_2616367_3045941
77 95.00 367468 367514 OS_Chr10_2616367_3045941 173449 173403 OS_Chr10_2616367_3045941
77 95.00 367466 367512 OS_Chr10_2616367_3045941 173449 173403 OS_Chr10_2616367_3045941
77 100.00 357822 357860 OS_Chr10_2616367_3045941 173449 173411 OS_Chr10_2616367_3045941
77 86.00 368521 368607 OS_Chr10_2616367_3045941 248762 248676 OS_Chr10_2616367_3045941
77 87.00 171951 172029 OS_Chr10_2616367_3045941 285039 284961 OS_Chr10_2616367_3045941
77 88.00 361269 361339 OS_Chr10_2616367_3045941 295866 295796 OS_Chr10_2616367_3045941
77 94.00 375420 375470 OS_Chr10_2616367_3045941 333833 333783 OS_Chr10_2616367_3045941
77 100.00 424244 424282 OS_Chr10_2616367_3045941 357859 357821 OS_Chr10_2616367_3045941
77 100.00 391724 391762 OS_Chr10_2616367_3045941 357859 357821 OS_Chr10_2616367_3045941
77 100.00 367438 367476 OS_Chr10_2616367_3045941 357859 357821 OS_Chr10_2616367_3045941
77 100.00 162603 162641 OS_Chr10_2616367_3045941 357859 357821 OS_Chr10_2616367_3045941
77 100.00 112181 112219 OS_Chr10_2616367_3045941 357859 357821 OS_Chr10_2616367_3045941
77 100.00 391737 391775 OS_Chr10_2616367_3045941 357860 357822 OS_Chr10_2616367_3045941
77 100.00 367451 367489 OS_Chr10_2616367_3045941 357860 357822 OS_Chr10_2616367_3045941
77 100.00 173411 173449 OS_Chr10_2616367_3045941 357860 357822 OS_Chr10_2616367_3045941
77 100.00 162626 162664 OS_Chr10_2616367_3045941 357860 357822 OS_Chr10_2616367_3045941
77 100.00 112222 112260 OS_Chr10_2616367_3045941 357860 357822 OS_Chr10_2616367_3045941
77 88.00 295796 295866 OS_Chr10_2616367_3045941 361339 361269 OS_Chr10_2616367_3045941
77 100.00 357821 357859 OS_Chr10_2616367_3045941 367476 367438 OS_Chr10_2616367_3045941
77 100.00 357822 357860 OS_Chr10_2616367_3045941 367489 367451 OS_Chr10_2616367_3045941
77 95.00 173403 173449 OS_Chr10_2616367_3045941 367512 367466 OS_Chr10_2616367_3045941
77 95.00 424244 424290 OS_Chr10_2616367_3045941 367513 367467 OS_Chr10_2616367_3045941
77 95.00 173403 173449 OS_Chr10_2616367_3045941 367514 367468 OS_Chr10_2616367_3045941
77 95.00 424244 424290 OS_Chr10_2616367_3045941 367515 367469 OS_Chr10_2616367_3045941
77 95.00 173403 173449 OS_Chr10_2616367_3045941 367516 367470 OS_Chr10_2616367_3045941
77 91.00 162605 162663 OS_Chr10_2616367_3045941 367567 367509 OS_Chr10_2616367_3045941
77 90.00 162602 162664 OS_Chr10_2616367_3045941 367576 367514 OS_Chr10_2616367_3045941
77 86.00 248676 248762 OS_Chr10_2616367_3045941 368607 368521 OS_Chr10_2616367_3045941
77 86.00 371252 371334 OS_Chr10_2616367_3045941 371334 371252 OS_Chr10_2616367_3045941
77 90.00 384691 384753 OS_Chr10_2616367_3045941 374743 374681 OS_Chr10_2616367_3045941
77 84.00 383590 383702 OS_Chr10_2616367_3045941 374970 374861 OS_Chr10_2616367_3045941
77 94.00 333783 333833 OS_Chr10_2616367_3045941 375470 375420 OS_Chr10_2616367_3045941
77 84.00 374861 374970 OS_Chr10_2616367_3045941 383702 383590 OS_Chr10_2616367_3045941
77 90.00 374681 374743 OS_Chr10_2616367_3045941 384753 384691 OS_Chr10_2616367_3045941
77 86.00 404450 404532 OS_Chr10_2616367_3045941 384776 384694 OS_Chr10_2616367_3045941
77 100.00 357821 357859 OS_Chr10_2616367_3045941 391762 391724 OS_Chr10_2616367_3045941
77 100.00 357822 357860 OS_Chr10_2616367_3045941 391775 391737 OS_Chr10_2616367_3045941
77 86.00 384694 384776 OS_Chr10_2616367_3045941 404532 404450 OS_Chr10_2616367_3045941
77 95.00 367469 367515 OS_Chr10_2616367_3045941 424290 424244 OS_Chr10_2616367_3045941
77 95.00 367467 367513 OS_Chr10_2616367_3045941 424290 424244 OS_Chr10_2616367_3045941
77 100.00 357821 357859 OS_Chr10_2616367_3045941 424282 424244 OS_Chr10_2616367_3045941
75 90.00 367519 367580 OS_Chr10_2616367_3045941 162663 162602 OS_Chr10_2616367_3045941
75 90.00 367512 367573 OS_Chr10_2616367_3045941 162664 162603 OS_Chr10_2616367_3045941
75 90.00 367504 367565 OS_Chr10_2616367_3045941 162664 162603 OS_Chr10_2616367_3045941
75 90.00 367502 367563 OS_Chr10_2616367_3045941 162664 162603 OS_Chr10_2616367_3045941
75 90.00 367500 367561 OS_Chr10_2616367_3045941 162664 162603 OS_Chr10_2616367_3045941
75 91.00 367510 367567 OS_Chr10_2616367_3045941 162664 162607 OS_Chr10_2616367_3045941
75 95.00 367472 367517 OS_Chr10_2616367_3045941 173449 173404 OS_Chr10_2616367_3045941
75 94.00 307028 307077 OS_Chr10_2616367_3045941 240195 240146 OS_Chr10_2616367_3045941
75 94.00 307028 307077 OS_Chr10_2616367_3045941 240934 240885 OS_Chr10_2616367_3045941
75 86.00 396266 396351 OS_Chr10_2616367_3045941 276440 276355 OS_Chr10_2616367_3045941
75 83.00 277336 277441 OS_Chr10_2616367_3045941 276786 276681 OS_Chr10_2616367_3045941
75 83.00 276681 276786 OS_Chr10_2616367_3045941 277441 277336 OS_Chr10_2616367_3045941
75 90.00 400668 400729 OS_Chr10_2616367_3045941 282517 282456 OS_Chr10_2616367_3045941
75 94.00 307028 307077 OS_Chr10_2616367_3045941 306888 306839 OS_Chr10_2616367_3045941
75 94.00 306839 306888 OS_Chr10_2616367_3045941 307077 307028 OS_Chr10_2616367_3045941
75 94.00 240885 240934 OS_Chr10_2616367_3045941 307077 307028 OS_Chr10_2616367_3045941
75 94.00 240146 240195 OS_Chr10_2616367_3045941 307077 307028 OS_Chr10_2616367_3045941
75 95.00 173404 173449 OS_Chr10_2616367_3045941 367517 367472 OS_Chr10_2616367_3045941
75 90.00 162603 162664 OS_Chr10_2616367_3045941 367561 367500 OS_Chr10_2616367_3045941
75 90.00 162603 162664 OS_Chr10_2616367_3045941 367563 367502 OS_Chr10_2616367_3045941
75 90.00 162603 162664 OS_Chr10_2616367_3045941 367565 367504 OS_Chr10_2616367_3045941
75 91.00 162607 162664 OS_Chr10_2616367_3045941 367567 367510 OS_Chr10_2616367_3045941
75 90.00 162603 162664 OS_Chr10_2616367_3045941 367573 367512 OS_Chr10_2616367_3045941
75 90.00 162602 162663 OS_Chr10_2616367_3045941 367580 367519 OS_Chr10_2616367_3045941
75 89.00 400638 400703 OS_Chr10_2616367_3045941 384759 384694 OS_Chr10_2616367_3045941
75 89.00 395547 395612 OS_Chr10_2616367_3045941 395519 395454 OS_Chr10_2616367_3045941
75 89.00 395454 395519 OS_Chr10_2616367_3045941 395612 395547 OS_Chr10_2616367_3045941
75 86.00 276355 276440 OS_Chr10_2616367_3045941 396351 396266 OS_Chr10_2616367_3045941
75 89.00 384694 384759 OS_Chr10_2616367_3045941 400703 400638 OS_Chr10_2616367_3045941
75 90.00 282456 282517 OS_Chr10_2616367_3045941 400729 400668 OS_Chr10_2616367_3045941
75 83.00 425394 425526 OS_Chr10_2616367_3045941 425526 425394 OS_Chr10_2616367_3045941
73 90.00 395552 395612 OS_Chr10_2616367_3045941 6327 6267 OS_Chr10_2616367_3045941
73 82.00 249824 249968 OS_Chr10_2616367_3045941 56612 56469 OS_Chr10_2616367_3045941
73 87.00 367535 367611 OS_Chr10_2616367_3045941 112257 112181 OS_Chr10_2616367_3045941
73 87.00 367535 367611 OS_Chr10_2616367_3045941 112259 112183 OS_Chr10_2616367_3045941
73 84.00 167531 167642 OS_Chr10_2616367_3045941 167461 167349 OS_Chr10_2616367_3045941
73 84.00 167349 167461 OS_Chr10_2616367_3045941 167642 167531 OS_Chr10_2616367_3045941
73 82.00 56469 56612 OS_Chr10_2616367_3045941 249968 249824 OS_Chr10_2616367_3045941
73 87.00 306952 307028 OS_Chr10_2616367_3045941 304353 304277 OS_Chr10_2616367_3045941
73 94.00 422337 422389 OS_Chr10_2616367_3045941 306949 306898 OS_Chr10_2616367_3045941
73 87.00 304277 304353 OS_Chr10_2616367_3045941 307028 306952 OS_Chr10_2616367_3045941
73 91.00 422254 422310 OS_Chr10_2616367_3045941 307008 306952 OS_Chr10_2616367_3045941
73 92.00 404907 404959 OS_Chr10_2616367_3045941 326279 326227 OS_Chr10_2616367_3045941
73 85.00 400639 400727 OS_Chr10_2616367_3045941 326468 326380 OS_Chr10_2616367_3045941
73 86.00 404471 404551 OS_Chr10_2616367_3045941 326465 326385 OS_Chr10_2616367_3045941
73 83.00 415580 415684 OS_Chr10_2616367_3045941 334396 334292 OS_Chr10_2616367_3045941
73 92.00 404907 404959 OS_Chr10_2616367_3045941 343319 343267 OS_Chr10_2616367_3045941
73 85.00 400639 400727 OS_Chr10_2616367_3045941 343508 343420 OS_Chr10_2616367_3045941
73 86.00 404471 404551 OS_Chr10_2616367_3045941 343505 343425 OS_Chr10_2616367_3045941
73 86.00 415381 415461 OS_Chr10_2616367_3045941 351246 351166 OS_Chr10_2616367_3045941
73 87.00 112183 112259 OS_Chr10_2616367_3045941 367611 367535 OS_Chr10_2616367_3045941
73 87.00 112181 112257 OS_Chr10_2616367_3045941 367611 367535 OS_Chr10_2616367_3045941
73 90.00 6267 6327 OS_Chr10_2616367_3045941 395612 395552 OS_Chr10_2616367_3045941
73 85.00 343420 343508 OS_Chr10_2616367_3045941 400727 400639 OS_Chr10_2616367_3045941
73 85.00 326380 326468 OS_Chr10_2616367_3045941 400727 400639 OS_Chr10_2616367_3045941
73 86.00 343425 343505 OS_Chr10_2616367_3045941 404551 404471 OS_Chr10_2616367_3045941
73 86.00 326385 326465 OS_Chr10_2616367_3045941 404551 404471 OS_Chr10_2616367_3045941
73 92.00 343267 343319 OS_Chr10_2616367_3045941 404959 404907 OS_Chr10_2616367_3045941
73 92.00 326227 326279 OS_Chr10_2616367_3045941 404959 404907 OS_Chr10_2616367_3045941
73 86.00 351166 351246 OS_Chr10_2616367_3045941 415461 415381 OS_Chr10_2616367_3045941
73 83.00 334292 334396 OS_Chr10_2616367_3045941 415684 415580 OS_Chr10_2616367_3045941
73 91.00 306952 307008 OS_Chr10_2616367_3045941 422310 422254 OS_Chr10_2616367_3045941
73 94.00 306898 306949 OS_Chr10_2616367_3045941 422389 422337 OS_Chr10_2616367_3045941
71 91.00 302492 302547 OS_Chr10_2616367_3045941 57370 57315 OS_Chr10_2616367_3045941
71 93.00 392595 392642 OS_Chr10_2616367_3045941 78229 78182 OS_Chr10_2616367_3045941
71 91.00 302612 302670 OS_Chr10_2616367_3045941 98374 98315 OS_Chr10_2616367_3045941
71 86.00 367530 367609 OS_Chr10_2616367_3045941 112260 112181 OS_Chr10_2616367_3045941
71 86.00 367528 367607 OS_Chr10_2616367_3045941 112260 112181 OS_Chr10_2616367_3045941
71 86.00 367536 367611 OS_Chr10_2616367_3045941 112260 112185 OS_Chr10_2616367_3045941
71 86.00 172110 172189 OS_Chr10_2616367_3045941 172029 171950 OS_Chr10_2616367_3045941
71 86.00 171950 172029 OS_Chr10_2616367_3045941 172189 172110 OS_Chr10_2616367_3045941
71 88.00 219443 219510 OS_Chr10_2616367_3045941 219350 219283 OS_Chr10_2616367_3045941
71 88.00 219283 219350 OS_Chr10_2616367_3045941 219510 219443 OS_Chr10_2616367_3045941
71 91.00 57315 57370 OS_Chr10_2616367_3045941 302547 302492 OS_Chr10_2616367_3045941
71 91.00 98315 98374 OS_Chr10_2616367_3045941 302670 302612 OS_Chr10_2616367_3045941
71 97.00 367467 367506 OS_Chr10_2616367_3045941 357860 357821 OS_Chr10_2616367_3045941
71 97.00 367465 367504 OS_Chr10_2616367_3045941 357860 357821 OS_Chr10_2616367_3045941
71 97.00 367463 367502 OS_Chr10_2616367_3045941 357860 357821 OS_Chr10_2616367_3045941
71 97.00 367461 367500 OS_Chr10_2616367_3045941 357860 357821 OS_Chr10_2616367_3045941
71 97.00 367459 367498 OS_Chr10_2616367_3045941 357860 357821 OS_Chr10_2616367_3045941
71 97.00 367457 367496 OS_Chr10_2616367_3045941 357860 357821 OS_Chr10_2616367_3045941
71 97.00 367455 367494 OS_Chr10_2616367_3045941 357860 357821 OS_Chr10_2616367_3045941
71 97.00 357821 357860 OS_Chr10_2616367_3045941 367494 367455 OS_Chr10_2616367_3045941
71 97.00 357821 357860 OS_Chr10_2616367_3045941 367496 367457 OS_Chr10_2616367_3045941
71 97.00 357821 357860 OS_Chr10_2616367_3045941 367498 367459 OS_Chr10_2616367_3045941
71 97.00 357821 357860 OS_Chr10_2616367_3045941 367500 367461 OS_Chr10_2616367_3045941
71 97.00 357821 357860 OS_Chr10_2616367_3045941 367502 367463 OS_Chr10_2616367_3045941
71 97.00 357821 357860 OS_Chr10_2616367_3045941 367504 367465 OS_Chr10_2616367_3045941
71 97.00 357821 357860 OS_Chr10_2616367_3045941 367506 367467 OS_Chr10_2616367_3045941
71 93.00 424243 424290 OS_Chr10_2616367_3045941 367526 367479 OS_Chr10_2616367_3045941
71 92.00 391724 391775 OS_Chr10_2616367_3045941 367531 367480 OS_Chr10_2616367_3045941
71 92.00 391724 391775 OS_Chr10_2616367_3045941 367533 367482 OS_Chr10_2616367_3045941
71 92.00 391724 391775 OS_Chr10_2616367_3045941 367543 367492 OS_Chr10_2616367_3045941
71 92.00 391724 391775 OS_Chr10_2616367_3045941 367545 367494 OS_Chr10_2616367_3045941
71 92.00 391724 391775 OS_Chr10_2616367_3045941 367547 367496 OS_Chr10_2616367_3045941
71 92.00 391724 391775 OS_Chr10_2616367_3045941 367549 367498 OS_Chr10_2616367_3045941
71 92.00 391724 391775 OS_Chr10_2616367_3045941 367551 367500 OS_Chr10_2616367_3045941
71 86.00 112181 112260 OS_Chr10_2616367_3045941 367607 367528 OS_Chr10_2616367_3045941
71 86.00 112181 112260 OS_Chr10_2616367_3045941 367609 367530 OS_Chr10_2616367_3045941
71 86.00 112185 112260 OS_Chr10_2616367_3045941 367611 367536 OS_Chr10_2616367_3045941
71 89.00 372073 372136 OS_Chr10_2616367_3045941 371773 371710 OS_Chr10_2616367_3045941
71 89.00 371710 371773 OS_Chr10_2616367_3045941 372136 372073 OS_Chr10_2616367_3045941
71 92.00 367500 367551 OS_Chr10_2616367_3045941 391775 391724 OS_Chr10_2616367_3045941
71 92.00 367498 367549 OS_Chr10_2616367_3045941 391775 391724 OS_Chr10_2616367_3045941
71 92.00 367496 367547 OS_Chr10_2616367_3045941 391775 391724 OS_Chr10_2616367_3045941
71 92.00 367494 367545 OS_Chr10_2616367_3045941 391775 391724 OS_Chr10_2616367_3045941
71 92.00 367492 367543 OS_Chr10_2616367_3045941 391775 391724 OS_Chr10_2616367_3045941
71 92.00 367482 367533 OS_Chr10_2616367_3045941 391775 391724 OS_Chr10_2616367_3045941
71 92.00 367480 367531 OS_Chr10_2616367_3045941 391775 391724 OS_Chr10_2616367_3045941
71 93.00 78182 78229 OS_Chr10_2616367_3045941 392642 392595 OS_Chr10_2616367_3045941
71 93.00 367479 367526 OS_Chr10_2616367_3045941 424290 424243 OS_Chr10_2616367_3045941
