39370 97.00 205550 227594 OS_Chr10_2616367_3045941 238699 260766 OG_10_2247279_2720175
29600 98.00 116387 132013 OS_Chr10_2616367_3045941 162701 178322 OG_10_2247279_2720175
28990 98.00 307077 322621 OS_Chr10_2616367_3045941 336768 352332 OG_10_2247279_2720175
22310 97.00 85925 98200 OS_Chr10_2616367_3045941 133463 145736 OG_10_2247279_2720175
21790 98.00 277313 289214 OS_Chr10_2616367_3045941 307185 319103 OG_10_2247279_2720175
17640 96.00 289217 299351 OS_Chr10_2616367_3045941 319188 329337 OG_10_2247279_2720175
15800 97.00 242867 251804 OS_Chr10_2616367_3045941 275895 284892 OG_10_2247279_2720175
15260 98.00 196372 204705 OS_Chr10_2616367_3045941 229018 237355 OG_10_2247279_2720175
12200 96.00 72664 79662 OS_Chr10_2616367_3045941 121025 127990 OG_10_2247279_2720175
10640 98.00 106459 112200 OS_Chr10_2616367_3045941 153018 158723 OG_10_2247279_2720175
10050 97.00 265284 270883 OS_Chr10_2616367_3045941 294944 300551 OG_10_2247279_2720175
9061 97.00 270885 275856 OS_Chr10_2616367_3045941 300625 305581 OG_10_2247279_2720175
9057 91.00 406790 413633 OS_Chr10_2616367_3045941 416469 423240 OG_10_2247279_2720175
8837 97.00 65446 70433 OS_Chr10_2616367_3045941 113839 118824 OG_10_2247279_2720175
8788 97.00 232481 237310 OS_Chr10_2616367_3045941 265996 270828 OG_10_2247279_2720175
8689 98.00 251903 256616 OS_Chr10_2616367_3045941 284982 289667 OG_10_2247279_2720175
8423 97.00 227750 232482 OS_Chr10_2616367_3045941 261035 265757 OG_10_2247279_2720175
7872 99.00 99244 103343 OS_Chr10_2616367_3045941 145734 149832 OG_10_2247279_2720175
7497 98.00 112243 116212 OS_Chr10_2616367_3045941 158706 162652 OG_10_2247279_2720175
7364 95.00 79730 84190 OS_Chr10_2616367_3045941 127991 132459 OG_10_2247279_2720175
7303 98.00 191052 195041 OS_Chr10_2616367_3045941 212180 216165 OG_10_2247279_2720175
7087 97.00 185923 189878 OS_Chr10_2616367_3045941 206991 210949 OG_10_2247279_2720175
6342 96.00 382589 386389 OS_Chr10_2616367_3045941 385624 389442 OG_10_2247279_2720175
6322 97.00 261755 265256 OS_Chr10_2616367_3045941 291443 294946 OG_10_2247279_2720175
6296 97.00 237309 240884 OS_Chr10_2616367_3045941 270856 274416 OG_10_2247279_2720175
6252 96.00 303138 306844 OS_Chr10_2616367_3045941 333082 336767 OG_10_2247279_2720175
5664 97.00 174664 177932 OS_Chr10_2616367_3045941 195876 199155 OG_10_2247279_2720175
5566 97.00 103293 106437 OS_Chr10_2616367_3045941 149878 153020 OG_10_2247279_2720175
5523 94.00 45543 49060 OS_Chr10_2616367_3045941 86147 89644 OG_10_2247279_2720175
5220 95.00 403583 406719 OS_Chr10_2616367_3045941 413271 416451 OG_10_2247279_2720175
5200 96.00 378889 382028 OS_Chr10_2616367_3045941 382491 385623 OG_10_2247279_2720175
5101 99.00 180943 183625 OS_Chr10_2616367_3045941 202294 204972 OG_10_2247279_2720175
4760 96.00 322605 325415 OS_Chr10_2616367_3045941 352271 355041 OG_10_2247279_2720175
4492 95.00 400188 402959 OS_Chr10_2616367_3045941 410033 412781 OG_10_2247279_2720175
3947 97.00 178063 180250 OS_Chr10_2616367_3045941 199269 201442 OG_10_2247279_2720175
3937 98.00 70450 72612 OS_Chr10_2616367_3045941 118879 121032 OG_10_2247279_2720175
3872 97.00 427456 429575 OS_Chr10_2616367_3045941 455385 457505 OG_10_2247279_2720175
3782 95.00 358741 361127 OS_Chr10_2616367_3045941 366335 368727 OG_10_2247279_2720175
3299 97.00 256588 258426 OS_Chr10_2616367_3045941 289605 291446 OG_10_2247279_2720175
3245 96.00 184082 185962 OS_Chr10_2616367_3045941 205125 206992 OG_10_2247279_2720175
3198 94.00 169887 171952 OS_Chr10_2616367_3045941 192046 194094 OG_10_2247279_2720175
3085 94.00 300796 302809 OS_Chr10_2616367_3045941 330746 332759 OG_10_2247279_2720175
2864 94.00 51098 52978 OS_Chr10_2616367_3045941 91641 93516 OG_10_2247279_2720175
2761 91.00 163325 165493 OS_Chr10_2616367_3045941 179060 181213 OG_10_2247279_2720175
2732 96.00 331699 333332 OS_Chr10_2616367_3045941 358084 359710 OG_10_2247279_2720175
2413 94.00 396498 398045 OS_Chr10_2616367_3045941 406265 407817 OG_10_2247279_2720175
2383 97.00 327309 328651 OS_Chr10_2616367_3045941 356377 357715 OG_10_2247279_2720175
2373 97.00 275854 277193 OS_Chr10_2616367_3045941 305860 307185 OG_10_2247279_2720175
2337 95.00 414988 416443 OS_Chr10_2616367_3045941 423240 424698 OG_10_2247279_2720175
2230 91.00 373765 375472 OS_Chr10_2616367_3045941 378340 380095 OG_10_2247279_2720175
2161 95.00 325413 326690 OS_Chr10_2616367_3045941 355062 356362 OG_10_2247279_2720175
2137 97.00 189870 191057 OS_Chr10_2616367_3045941 210964 212149 OG_10_2247279_2720175
2113 94.00 342812 344198 OS_Chr10_2616367_3045941 355421 356805 OG_10_2247279_2720175
2079 93.00 333889 335265 OS_Chr10_2616367_3045941 355421 356813 OG_10_2247279_2720175
1992 94.00 49809 51097 OS_Chr10_2616367_3045941 90399 91685 OG_10_2247279_2720175
1802 92.00 423616 424939 OS_Chr10_2616367_3045941 451898 453208 OG_10_2247279_2720175
1774 89.00 76033 77681 OS_Chr10_2616367_3045941 364542 362907 OG_10_2247279_2720175
1606 95.00 53895 54900 OS_Chr10_2616367_3045941 97747 98742 OG_10_2247279_2720175
1586 96.00 299817 300762 OS_Chr10_2616367_3045941 329797 330737 OG_10_2247279_2720175
1572 95.00 173437 174401 OS_Chr10_2616367_3045941 194917 195879 OG_10_2247279_2720175
1520 98.00 399340 400165 OS_Chr10_2616367_3045941 409208 410034 OG_10_2247279_2720175
1443 92.00 365247 366251 OS_Chr10_2616367_3045941 371280 372303 OG_10_2247279_2720175
1419 95.00 420455 421313 OS_Chr10_2616367_3045941 449986 450851 OG_10_2247279_2720175
1358 97.00 242121 242881 OS_Chr10_2616367_3045941 275116 275875 OG_10_2247279_2720175
1338 94.00 357874 358745 OS_Chr10_2616367_3045941 362031 362906 OG_10_2247279_2720175
1322 93.00 351833 352733 OS_Chr10_2616367_3045941 360848 361765 OG_10_2247279_2720175
1320 98.00 195035 195744 OS_Chr10_2616367_3045941 227601 228307 OG_10_2247279_2720175
1285 89.00 342501 343619 OS_Chr10_2616367_3045941 359745 360863 OG_10_2247279_2720175
1158 91.00 415215 416103 OS_Chr10_2616367_3045941 407391 406505 OG_10_2247279_2720175
1154 92.00 172187 173021 OS_Chr10_2616367_3045941 194093 194929 OG_10_2247279_2720175
1136 88.00 349342 350418 OS_Chr10_2616367_3045941 454809 453733 OG_10_2247279_2720175
1132 87.00 29594 30866 OS_Chr10_2616367_3045941 443188 441922 OG_10_2247279_2720175
1126 90.00 365301 366228 OS_Chr10_2616367_3045941 380143 379186 OG_10_2247279_2720175
1120 97.00 195742 196372 OS_Chr10_2616367_3045941 228328 228960 OG_10_2247279_2720175
1116 88.00 396735 397769 OS_Chr10_2616367_3045941 424362 423332 OG_10_2247279_2720175
1108 91.00 377547 378422 OS_Chr10_2616367_3045941 381108 381985 OG_10_2247279_2720175
1106 91.00 340529 341376 OS_Chr10_2616367_3045941 358802 359649 OG_10_2247279_2720175
1100 88.00 350419 351322 OS_Chr10_2616367_3045941 359910 360826 OG_10_2247279_2720175
1088 90.00 347882 348776 OS_Chr10_2616367_3045941 358821 359710 OG_10_2247279_2720175
1088 89.00 333783 334700 OS_Chr10_2616367_3045941 359937 360860 OG_10_2247279_2720175
1061 92.00 350552 351307 OS_Chr10_2616367_3045941 355421 356187 OG_10_2247279_2720175
1039 89.00 335309 336225 OS_Chr10_2616367_3045941 356792 357715 OG_10_2247279_2720175
1029 93.00 49097 49814 OS_Chr10_2616367_3045941 89644 90370 OG_10_2247279_2720175
1007 88.00 374568 375501 OS_Chr10_2616367_3045941 372274 371352 OG_10_2247279_2720175
942 93.00 261103 261754 OS_Chr10_2616367_3045941 363558 362907 OG_10_2247279_2720175
910 91.00 209398 210122 OS_Chr10_2616367_3045941 135599 134879 OG_10_2247279_2720175
910 85.00 366343 367434 OS_Chr10_2616367_3045941 372472 373590 OG_10_2247279_2720175
902 91.00 87345 88057 OS_Chr10_2616367_3045941 243257 242540 OG_10_2247279_2720175
898 86.00 398188 399139 OS_Chr10_2616367_3045941 408108 409015 OG_10_2247279_2720175
896 93.00 261103 261754 OS_Chr10_2616367_3045941 125380 126033 OG_10_2247279_2720175
878 87.00 260006 260946 OS_Chr10_2616367_3045941 124278 125214 OG_10_2247279_2720175
878 89.00 325740 326480 OS_Chr10_2616367_3045941 360007 360765 OG_10_2247279_2720175
848 96.00 84812 85311 OS_Chr10_2616367_3045941 132457 132956 OG_10_2247279_2720175
842 90.00 344628 345319 OS_Chr10_2616367_3045941 357714 358396 OG_10_2247279_2720175
821 87.00 260095 260949 OS_Chr10_2616367_3045941 364562 363710 OG_10_2247279_2720175
811 97.00 180235 180689 OS_Chr10_2616367_3045941 201669 202115 OG_10_2247279_2720175
809 90.00 394419 395107 OS_Chr10_2616367_3045941 404724 405425 OG_10_2247279_2720175
783 90.00 365628 366228 OS_Chr10_2616367_3045941 355619 356230 OG_10_2247279_2720175
755 91.00 339652 340287 OS_Chr10_2616367_3045941 357754 358385 OG_10_2247279_2720175
741 90.00 415520 416133 OS_Chr10_2616367_3045941 414572 415185 OG_10_2247279_2720175
739 90.00 404847 405451 OS_Chr10_2616367_3045941 423776 424380 OG_10_2247279_2720175
735 96.00 42395 42838 OS_Chr10_2616367_3045941 83071 83515 OG_10_2247279_2720175
731 87.00 389009 389715 OS_Chr10_2616367_3045941 392011 392711 OG_10_2247279_2720175
714 96.00 266265 266676 OS_Chr10_2616367_3045941 289529 289940 OG_10_2247279_2720175
714 90.00 404846 405433 OS_Chr10_2616367_3045941 407089 406502 OG_10_2247279_2720175
712 95.00 378420 378856 OS_Chr10_2616367_3045941 382017 382456 OG_10_2247279_2720175
712 92.00 421881 422379 OS_Chr10_2616367_3045941 451396 451881 OG_10_2247279_2720175
704 93.00 299353 299817 OS_Chr10_2616367_3045941 329310 329754 OG_10_2247279_2720175
700 96.00 420015 420449 OS_Chr10_2616367_3045941 449615 450046 OG_10_2247279_2720175
692 96.00 403068 403477 OS_Chr10_2616367_3045941 412783 413194 OG_10_2247279_2720175
692 92.00 426346 426876 OS_Chr10_2616367_3045941 453215 453733 OG_10_2247279_2720175
690 92.00 397359 397867 OS_Chr10_2616367_3045941 414286 413792 OG_10_2247279_2720175
684 89.00 396738 397311 OS_Chr10_2616367_3045941 415155 414570 OG_10_2247279_2720175
672 88.00 334087 334680 OS_Chr10_2616367_3045941 379793 379204 OG_10_2247279_2720175
668 88.00 374563 375172 OS_Chr10_2616367_3045941 356232 355619 OG_10_2247279_2720175
666 89.00 334087 334680 OS_Chr10_2616367_3045941 371658 372259 OG_10_2247279_2720175
640 94.00 404145 404559 OS_Chr10_2616367_3045941 407552 407138 OG_10_2247279_2720175
638 97.00 302810 303181 OS_Chr10_2616367_3045941 332729 333096 OG_10_2247279_2720175
630 87.00 365628 366228 OS_Chr10_2616367_3045941 360261 360857 OG_10_2247279_2720175
628 96.00 328681 329047 OS_Chr10_2616367_3045941 357714 358084 OG_10_2247279_2720175
620 89.00 350750 351298 OS_Chr10_2616367_3045941 379793 379242 OG_10_2247279_2720175
615 92.00 418956 419392 OS_Chr10_2616367_3045941 448087 448525 OG_10_2247279_2720175
609 87.00 343010 343606 OS_Chr10_2616367_3045941 371658 372270 OG_10_2247279_2720175
607 91.00 418427 418892 OS_Chr10_2616367_3045941 447614 448087 OG_10_2247279_2720175
603 85.00 87341 88050 OS_Chr10_2616367_3045941 19844 20534 OG_10_2247279_2720175
595 91.00 393422 393895 OS_Chr10_2616367_3045941 393195 393657 OG_10_2247279_2720175
583 86.00 374563 375172 OS_Chr10_2616367_3045941 360859 360261 OG_10_2247279_2720175
569 93.00 289214 289603 OS_Chr10_2616367_3045941 322032 322422 OG_10_2247279_2720175
569 88.00 416438 417002 OS_Chr10_2616367_3045941 424829 425383 OG_10_2247279_2720175
563 88.00 350750 351263 OS_Chr10_2616367_3045941 371658 372186 OG_10_2247279_2720175
551 85.00 388205 388927 OS_Chr10_2616367_3045941 389438 390150 OG_10_2247279_2720175
549 89.00 414302 414815 OS_Chr10_2616367_3045941 454264 454775 OG_10_2247279_2720175
547 95.00 256588 256923 OS_Chr10_2616367_3045941 296003 296338 OG_10_2247279_2720175
541 87.00 400863 401391 OS_Chr10_2616367_3045941 407039 406511 OG_10_2247279_2720175
539 87.00 325970 326499 OS_Chr10_2616367_3045941 371658 372203 OG_10_2247279_2720175
527 90.00 81892 82331 OS_Chr10_2616367_3045941 138021 138461 OG_10_2247279_2720175
525 98.00 180662 180942 OS_Chr10_2616367_3045941 202059 202338 OG_10_2247279_2720175
517 87.00 415575 416107 OS_Chr10_2616367_3045941 410693 411225 OG_10_2247279_2720175
513 94.00 361320 361665 OS_Chr10_2616367_3045941 370935 371280 OG_10_2247279_2720175
511 88.00 44202 44678 OS_Chr10_2616367_3045941 83040 83519 OG_10_2247279_2720175
511 88.00 396771 397260 OS_Chr10_2616367_3045941 411176 410687 OG_10_2247279_2720175
509 89.00 57693 58151 OS_Chr10_2616367_3045941 112867 113323 OG_10_2247279_2720175
502 86.00 400869 401401 OS_Chr10_2616367_3045941 423831 424363 OG_10_2247279_2720175
498 89.00 279613 280039 OS_Chr10_2616367_3045941 132221 131796 OG_10_2247279_2720175
494 86.00 404900 405424 OS_Chr10_2616367_3045941 410691 411215 OG_10_2247279_2720175
494 86.00 400867 401391 OS_Chr10_2616367_3045941 414625 415149 OG_10_2247279_2720175
490 99.00 415215 415469 OS_Chr10_2616367_3045941 414032 414286 OG_10_2247279_2720175
490 92.00 419387 419745 OS_Chr10_2616367_3045941 449237 449589 OG_10_2247279_2720175
472 96.00 57414 57693 OS_Chr10_2616367_3045941 112557 112833 OG_10_2247279_2720175
466 85.00 133584 134165 OS_Chr10_2616367_3045941 28288 28866 OG_10_2247279_2720175
462 89.00 83526 83943 OS_Chr10_2616367_3045941 309909 309490 OG_10_2247279_2720175
462 85.00 369966 370489 OS_Chr10_2616367_3045941 376877 377400 OG_10_2247279_2720175
458 88.00 279624 280062 OS_Chr10_2616367_3045941 20534 20098 OG_10_2247279_2720175
458 94.00 56121 56427 OS_Chr10_2616367_3045941 102117 102421 OG_10_2247279_2720175
458 93.00 209400 209717 OS_Chr10_2616367_3045941 309491 309808 OG_10_2247279_2720175
452 97.00 166361 166615 OS_Chr10_2616367_3045941 181395 181652 OG_10_2247279_2720175
452 91.00 343010 343363 OS_Chr10_2616367_3045941 379793 379443 OG_10_2247279_2720175
452 91.00 325970 326323 OS_Chr10_2616367_3045941 379793 379443 OG_10_2247279_2720175
452 88.00 393937 394361 OS_Chr10_2616367_3045941 393775 394199 OG_10_2247279_2720175
446 89.00 169343 169774 OS_Chr10_2616367_3045941 191072 191501 OG_10_2247279_2720175
446 93.00 279617 279933 OS_Chr10_2616367_3045941 242540 242855 OG_10_2247279_2720175
442 91.00 139196 139540 OS_Chr10_2616367_3045941 363800 363455 OG_10_2247279_2720175
440 91.00 279995 280345 OS_Chr10_2616367_3045941 242917 243257 OG_10_2247279_2720175
430 91.00 76637 76961 OS_Chr10_2616367_3045941 9271 9595 OG_10_2247279_2720175
426 91.00 279615 279933 OS_Chr10_2616367_3045941 135597 135279 OG_10_2247279_2720175
422 91.00 76637 76961 OS_Chr10_2616367_3045941 17763 18087 OG_10_2247279_2720175
422 92.00 344283 344598 OS_Chr10_2616367_3045941 357399 357715 OG_10_2247279_2720175
418 89.00 83526 83933 OS_Chr10_2616367_3045941 20126 20534 OG_10_2247279_2720175
414 94.00 345332 345604 OS_Chr10_2616367_3045941 358554 358826 OG_10_2247279_2720175
410 93.00 42950 43247 OS_Chr10_2616367_3045941 83792 84085 OG_10_2247279_2720175
404 96.00 45295 45526 OS_Chr10_2616367_3045941 84722 84953 OG_10_2247279_2720175
402 91.00 209400 209706 OS_Chr10_2616367_3045941 132219 131913 OG_10_2247279_2720175
402 89.00 87341 87665 OS_Chr10_2616367_3045941 310224 309884 OG_10_2247279_2720175
400 90.00 209782 210122 OS_Chr10_2616367_3045941 309873 310224 OG_10_2247279_2720175
398 90.00 59545 59876 OS_Chr10_2616367_3045941 113330 113655 OG_10_2247279_2720175
398 83.00 375684 376277 OS_Chr10_2616367_3045941 380274 380889 OG_10_2247279_2720175
398 88.00 404156 404559 OS_Chr10_2616367_3045941 423332 423721 OG_10_2247279_2720175
391 88.00 279995 280349 OS_Chr10_2616367_3045941 135217 134879 OG_10_2247279_2720175
387 86.00 209409 209842 OS_Chr10_2616367_3045941 20534 20102 OG_10_2247279_2720175
379 90.00 87741 88059 OS_Chr10_2616367_3045941 309808 309491 OG_10_2247279_2720175
377 86.00 279615 280043 OS_Chr10_2616367_3045941 100816 100400 OG_10_2247279_2720175
375 91.00 83638 83940 OS_Chr10_2616367_3045941 242844 242540 OG_10_2247279_2720175
373 85.00 148417 148867 OS_Chr10_2616367_3045941 42646 42182 OG_10_2247279_2720175
373 91.00 87772 88059 OS_Chr10_2616367_3045941 131933 132219 OG_10_2247279_2720175
365 93.00 354612 354874 OS_Chr10_2616367_3045941 361767 362029 OG_10_2247279_2720175
357 91.00 83658 83942 OS_Chr10_2616367_3045941 135310 135597 OG_10_2247279_2720175
343 86.00 83526 83942 OS_Chr10_2616367_3045941 100409 100816 OG_10_2247279_2720175
337 81.00 51955 52578 OS_Chr10_2616367_3045941 115435 116055 OG_10_2247279_2720175
337 92.00 171949 172190 OS_Chr10_2616367_3045941 248550 248310 OG_10_2247279_2720175
333 94.00 133175 133402 OS_Chr10_2616367_3045941 179502 179729 OG_10_2247279_2720175
327 93.00 132594 132836 OS_Chr10_2616367_3045941 179256 179500 OG_10_2247279_2720175
325 92.00 240626 240868 OS_Chr10_2616367_3045941 191876 191633 OG_10_2247279_2720175
325 97.00 203504 203683 OS_Chr10_2616367_3045941 231371 231192 OG_10_2247279_2720175
319 91.00 280101 280349 OS_Chr10_2616367_3045941 20092 19844 OG_10_2247279_2720175
319 86.00 139195 139542 OS_Chr10_2616367_3045941 125126 125485 OG_10_2247279_2720175
319 95.00 399151 399343 OS_Chr10_2616367_3045941 408984 409176 OG_10_2247279_2720175
317 83.00 90487 90928 OS_Chr10_2616367_3045941 130151 130577 OG_10_2247279_2720175
317 95.00 333549 333743 OS_Chr10_2616367_3045941 359737 359929 OG_10_2247279_2720175
313 92.00 280113 280349 OS_Chr10_2616367_3045941 100377 100141 OG_10_2247279_2720175
309 96.00 198546 198725 OS_Chr10_2616367_3045941 236331 236152 OG_10_2247279_2720175
309 85.00 429180 429540 OS_Chr10_2616367_3045941 461591 461227 OG_10_2247279_2720175
307 94.00 85847 86049 OS_Chr10_2616367_3045941 133463 133665 OG_10_2247279_2720175
305 92.00 52983 53203 OS_Chr10_2616367_3045941 96552 96773 OG_10_2247279_2720175
303 90.00 209875 210122 OS_Chr10_2616367_3045941 20092 19844 OG_10_2247279_2720175
303 86.00 204563 204933 OS_Chr10_2616367_3045941 239084 238720 OG_10_2247279_2720175
299 92.00 340318 340528 OS_Chr10_2616367_3045941 358742 358952 OG_10_2247279_2720175
297 85.00 270528 270883 OS_Chr10_2616367_3045941 188685 189044 OG_10_2247279_2720175
295 91.00 427219 427453 OS_Chr10_2616367_3045941 455125 455344 OG_10_2247279_2720175
293 81.00 67051 67676 OS_Chr10_2616367_3045941 92493 93117 OG_10_2247279_2720175
293 96.00 132423 132595 OS_Chr10_2616367_3045941 179056 179232 OG_10_2247279_2720175
293 86.00 268420 268770 OS_Chr10_2616367_3045941 296925 296567 OG_10_2247279_2720175
291 90.00 171954 172188 OS_Chr10_2616367_3045941 314684 314918 OG_10_2247279_2720175
291 90.00 369736 369973 OS_Chr10_2616367_3045941 373721 373959 OG_10_2247279_2720175
289 91.00 219289 219513 OS_Chr10_2616367_3045941 51736 51961 OG_10_2247279_2720175
287 93.00 54928 55132 OS_Chr10_2616367_3045941 98744 98947 OG_10_2247279_2720175
287 87.00 266932 267256 OS_Chr10_2616367_3045941 298410 298088 OG_10_2247279_2720175
283 91.00 215138 215370 OS_Chr10_2616367_3045941 314918 314684 OG_10_2247279_2720175
281 90.00 87341 87581 OS_Chr10_2616367_3045941 100141 100381 OG_10_2247279_2720175
281 98.00 183890 184043 OS_Chr10_2616367_3045941 204971 205124 OG_10_2247279_2720175
281 90.00 284804 285032 OS_Chr10_2616367_3045941 248545 248319 OG_10_2247279_2720175
280 86.00 209400 209718 OS_Chr10_2616367_3045941 100816 100508 OG_10_2247279_2720175
278 92.00 85690 85893 OS_Chr10_2616367_3045941 133463 133665 OG_10_2247279_2720175
278 82.00 112949 113439 OS_Chr10_2616367_3045941 156515 157017 OG_10_2247279_2720175
276 92.00 85769 85971 OS_Chr10_2616367_3045941 133463 133665 OG_10_2247279_2720175
274 83.00 87631 88059 OS_Chr10_2616367_3045941 100400 100816 OG_10_2247279_2720175
274 95.00 349034 349203 OS_Chr10_2616367_3045941 359745 359914 OG_10_2247279_2720175
272 83.00 53200 53524 OS_Chr10_2616367_3045941 96894 97234 OG_10_2247279_2720175
272 92.00 83283 83479 OS_Chr10_2616367_3045941 134931 135126 OG_10_2247279_2720175
270 90.00 209883 210124 OS_Chr10_2616367_3045941 100381 100139 OG_10_2247279_2720175
268 90.00 250957 251179 OS_Chr10_2616367_3045941 285184 284955 OG_10_2247279_2720175
266 92.00 83286 83479 OS_Chr10_2616367_3045941 243206 243014 OG_10_2247279_2720175
264 92.00 87393 87588 OS_Chr10_2616367_3045941 131559 131755 OG_10_2247279_2720175
262 83.00 43311 43657 OS_Chr10_2616367_3045941 84086 84408 OG_10_2247279_2720175
262 92.00 83288 83479 OS_Chr10_2616367_3045941 310167 309977 OG_10_2247279_2720175
262 90.00 343411 343620 OS_Chr10_2616367_3045941 379394 379179 OG_10_2247279_2720175
258 92.00 59898 60082 OS_Chr10_2616367_3045941 113653 113835 OG_10_2247279_2720175
256 91.00 53555 53750 OS_Chr10_2616367_3045941 97455 97651 OG_10_2247279_2720175
254 91.00 280102 280296 OS_Chr10_2616367_3045941 131755 131560 OG_10_2247279_2720175
254 98.00 322890 323025 OS_Chr10_2616367_3045941 347646 347511 OG_10_2247279_2720175
242 87.00 168928 169162 OS_Chr10_2616367_3045941 190839 191062 OG_10_2247279_2720175
242 85.00 135486 135806 OS_Chr10_2616367_3045941 364312 364631 OG_10_2247279_2720175
240 88.00 137263 137510 OS_Chr10_2616367_3045941 122709 122463 OG_10_2247279_2720175
240 97.00 421322 421458 OS_Chr10_2616367_3045941 450918 451054 OG_10_2247279_2720175
238 80.00 389912 390469 OS_Chr10_2616367_3045941 37477 38010 OG_10_2247279_2720175
236 90.00 85618 85820 OS_Chr10_2616367_3045941 133470 133670 OG_10_2247279_2720175
236 94.00 256478 256632 OS_Chr10_2616367_3045941 295927 296081 OG_10_2247279_2720175
234 91.00 209876 210067 OS_Chr10_2616367_3045941 131755 131562 OG_10_2247279_2720175
234 93.00 370824 370989 OS_Chr10_2616367_3045941 377474 377639 OG_10_2247279_2720175
234 87.00 138175 138404 OS_Chr10_2616367_3045941 434823 434594 OG_10_2247279_2720175
232 90.00 85340 85544 OS_Chr10_2616367_3045941 133463 133665 OG_10_2247279_2720175
230 94.00 168529 168681 OS_Chr10_2616367_3045941 189089 189237 OG_10_2247279_2720175
226 91.00 397351 397520 OS_Chr10_2616367_3045941 410562 410393 OG_10_2247279_2720175
226 91.00 415308 415477 OS_Chr10_2616367_3045941 410393 410562 OG_10_2247279_2720175
224 81.00 109973 110479 OS_Chr10_2616367_3045941 159412 159900 OG_10_2247279_2720175
224 88.00 372919 373104 OS_Chr10_2616367_3045941 377637 377830 OG_10_2247279_2720175
222 90.00 413779 413958 OS_Chr10_2616367_3045941 36224 36045 OG_10_2247279_2720175
222 92.00 235544 235711 OS_Chr10_2616367_3045941 60666 60831 OG_10_2247279_2720175
222 81.00 167971 168461 OS_Chr10_2616367_3045941 188176 188657 OG_10_2247279_2720175
222 90.00 118629 118808 OS_Chr10_2616367_3045941 466316 466495 OG_10_2247279_2720175
220 89.00 135486 135695 OS_Chr10_2616367_3045941 124614 124406 OG_10_2247279_2720175
220 87.00 240883 241126 OS_Chr10_2616367_3045941 273914 273674 OG_10_2247279_2720175
218 92.00 404398 404555 OS_Chr10_2616367_3045941 410393 410550 OG_10_2247279_2720175
218 92.00 400569 400726 OS_Chr10_2616367_3045941 414125 414282 OG_10_2247279_2720175
218 92.00 400569 400726 OS_Chr10_2616367_3045941 423560 423717 OG_10_2247279_2720175
214 83.00 134427 134784 OS_Chr10_2616367_3045941 28939 29298 OG_10_2247279_2720175
214 87.00 248682 248897 OS_Chr10_2616367_3045941 86125 85911 OG_10_2247279_2720175
214 86.00 258428 258686 OS_Chr10_2616367_3045941 122461 122716 OG_10_2247279_2720175
214 99.00 421462 421573 OS_Chr10_2616367_3045941 451276 451387 OG_10_2247279_2720175
212 94.00 230465 230603 OS_Chr10_2616367_3045941 338060 338198 OG_10_2247279_2720175
210 88.00 390590 390813 OS_Chr10_2616367_3045941 38134 38358 OG_10_2247279_2720175
210 93.00 426095 426240 OS_Chr10_2616367_3045941 275262 275117 OG_10_2247279_2720175
210 87.00 240146 240375 OS_Chr10_2616367_3045941 334175 334407 OG_10_2247279_2720175
208 97.00 166789 166905 OS_Chr10_2616367_3045941 186864 186980 OG_10_2247279_2720175
208 86.00 240149 240382 OS_Chr10_2616367_3045941 314684 314918 OG_10_2247279_2720175
208 94.00 426871 427003 OS_Chr10_2616367_3045941 454949 455081 OG_10_2247279_2720175
206 90.00 137526 137693 OS_Chr10_2616367_3045941 124964 125131 OG_10_2247279_2720175
206 93.00 166925 167069 OS_Chr10_2616367_3045941 187304 187446 OG_10_2247279_2720175
206 90.00 137522 137693 OS_Chr10_2616367_3045941 363967 363796 OG_10_2247279_2720175
206 87.00 258428 258681 OS_Chr10_2616367_3045941 366334 366082 OG_10_2247279_2720175
204 85.00 240145 240383 OS_Chr10_2616367_3045941 248549 248311 OG_10_2247279_2720175
204 100.00 227657 227759 OS_Chr10_2616367_3045941 260907 261009 OG_10_2247279_2720175
202 86.00 240892 241127 OS_Chr10_2616367_3045941 248319 248550 OG_10_2247279_2720175
202 88.00 251903 252105 OS_Chr10_2616367_3045941 284218 284018 OG_10_2247279_2720175
202 91.00 400569 400726 OS_Chr10_2616367_3045941 407299 407142 OG_10_2247279_2720175
200 89.00 83283 83482 OS_Chr10_2616367_3045941 100193 100390 OG_10_2247279_2720175
200 87.00 219278 219504 OS_Chr10_2616367_3045941 143633 143406 OG_10_2247279_2720175
200 96.00 166789 166905 OS_Chr10_2616367_3045941 185376 185492 OG_10_2247279_2720175
200 87.00 213467 213677 OS_Chr10_2616367_3045941 200627 200420 OG_10_2247279_2720175
200 87.00 179230 179437 OS_Chr10_2616367_3045941 246834 246624 OG_10_2247279_2720175
200 91.00 402866 403022 OS_Chr10_2616367_3045941 263539 263383 OG_10_2247279_2720175
200 94.00 361154 361282 OS_Chr10_2616367_3045941 368727 368855 OG_10_2247279_2720175
198 89.00 194015 194202 OS_Chr10_2616367_3045941 1286 1473 OG_10_2247279_2720175
198 90.00 85419 85590 OS_Chr10_2616367_3045941 133463 133633 OG_10_2247279_2720175
198 96.00 134858 134973 OS_Chr10_2616367_3045941 179763 179878 OG_10_2247279_2720175
198 86.00 118009 118236 OS_Chr10_2616367_3045941 451280 451054 OG_10_2247279_2720175
196 89.00 422208 422389 OS_Chr10_2616367_3045941 1474 1296 OG_10_2247279_2720175
194 92.00 139436 139576 OS_Chr10_2616367_3045941 9655 9796 OG_10_2247279_2720175
192 87.00 83283 83479 OS_Chr10_2616367_3045941 19896 20091 OG_10_2247279_2720175
192 93.00 304325 304461 OS_Chr10_2616367_3045941 215254 215119 OG_10_2247279_2720175
192 95.00 317831 317951 OS_Chr10_2616367_3045941 352669 352549 OG_10_2247279_2720175
192 88.00 327418 327619 OS_Chr10_2616367_3045941 361103 361301 OG_10_2247279_2720175
190 85.00 373141 373385 OS_Chr10_2616367_3045941 377851 378092 OG_10_2247279_2720175
190 87.00 211988 212204 OS_Chr10_2616367_3045941 469510 469294 OG_10_2247279_2720175
188 88.00 139196 139381 OS_Chr10_2616367_3045941 9409 9595 OG_10_2247279_2720175
188 91.00 85315 85465 OS_Chr10_2616367_3045941 133516 133665 OG_10_2247279_2720175
188 81.00 81211 81550 OS_Chr10_2616367_3045941 136214 136534 OG_10_2247279_2720175
188 91.00 213198 213340 OS_Chr10_2616367_3045941 200914 200772 OG_10_2247279_2720175
188 91.00 179582 179724 OS_Chr10_2616367_3045941 246488 246346 OG_10_2247279_2720175
188 84.00 276355 276582 OS_Chr10_2616367_3045941 252446 252685 OG_10_2247279_2720175
188 92.00 308378 308516 OS_Chr10_2616367_3045941 263742 263880 OG_10_2247279_2720175
188 85.00 240885 241122 OS_Chr10_2616367_3045941 314918 314684 OG_10_2247279_2720175
188 89.00 304308 304477 OS_Chr10_2616367_3045941 451767 451934 OG_10_2247279_2720175
186 92.00 139436 139576 OS_Chr10_2616367_3045941 18147 18288 OG_10_2247279_2720175
186 93.00 325641 325770 OS_Chr10_2616367_3045941 380081 379952 OG_10_2247279_2720175
186 85.00 138175 138404 OS_Chr10_2616367_3045941 445470 445241 OG_10_2247279_2720175
186 86.00 118938 119159 OS_Chr10_2616367_3045941 451057 451277 OG_10_2247279_2720175
184 86.00 95874 96101 OS_Chr10_2616367_3045941 252672 252446 OG_10_2247279_2720175
182 88.00 80982 81153 OS_Chr10_2616367_3045941 136027 136203 OG_10_2247279_2720175
182 92.00 326371 326505 OS_Chr10_2616367_3045941 379394 379257 OG_10_2247279_2720175
182 86.00 91806 92017 OS_Chr10_2616367_3045941 409064 408855 OG_10_2247279_2720175
180 87.00 139196 139381 OS_Chr10_2616367_3045941 17901 18087 OG_10_2247279_2720175
180 90.00 190139 190289 OS_Chr10_2616367_3045941 208657 208507 OG_10_2247279_2720175
180 90.00 187439 187589 OS_Chr10_2616367_3045941 211383 211233 OG_10_2247279_2720175
180 88.00 240901 241079 OS_Chr10_2616367_3045941 215104 215276 OG_10_2247279_2720175
178 85.00 284804 285032 OS_Chr10_2616367_3045941 334178 334407 OG_10_2247279_2720175
178 90.00 193980 194132 OS_Chr10_2616367_3045941 334400 334247 OG_10_2247279_2720175
178 96.00 372946 373051 OS_Chr10_2616367_3045941 377563 377668 OG_10_2247279_2720175
176 83.00 71590 71869 OS_Chr10_2616367_3045941 118980 118693 OG_10_2247279_2720175
176 93.00 165530 165650 OS_Chr10_2616367_3045941 181272 181392 OG_10_2247279_2720175
176 88.00 240954 241125 OS_Chr10_2616367_3045941 334344 334175 OG_10_2247279_2720175
174 89.00 44749 44904 OS_Chr10_2616367_3045941 84095 84250 OG_10_2247279_2720175
174 91.00 205797 205938 OS_Chr10_2616367_3045941 237355 237210 OG_10_2247279_2720175
174 89.00 205788 205942 OS_Chr10_2616367_3045941 285061 285213 OG_10_2247279_2720175
174 83.00 219278 219510 OS_Chr10_2616367_3045941 306363 306583 OG_10_2247279_2720175
172 84.00 235504 235754 OS_Chr10_2616367_3045941 52609 52362 OG_10_2247279_2720175
172 80.00 88676 88996 OS_Chr10_2616367_3045941 129486 129825 OG_10_2247279_2720175
172 97.00 85498 85592 OS_Chr10_2616367_3045941 133463 133557 OG_10_2247279_2720175
172 89.00 311192 311338 OS_Chr10_2616367_3045941 341018 340872 OG_10_2247279_2720175
172 86.00 334936 335133 OS_Chr10_2616367_3045941 361103 361301 OG_10_2247279_2720175
172 83.00 406751 407031 OS_Chr10_2616367_3045941 451308 451606 OG_10_2247279_2720175
170 88.00 422226 422387 OS_Chr10_2616367_3045941 215307 215149 OG_10_2247279_2720175
168 85.00 171950 172181 OS_Chr10_2616367_3045941 273674 273905 OG_10_2247279_2720175
168 86.00 352079 352277 OS_Chr10_2616367_3045941 356482 356683 OG_10_2247279_2720175
167 95.00 261103 261206 OS_Chr10_2616367_3045941 9656 9759 OG_10_2247279_2720175
167 95.00 261103 261206 OS_Chr10_2616367_3045941 18148 18251 OG_10_2247279_2720175
167 86.00 118047 118241 OS_Chr10_2616367_3045941 57109 57300 OG_10_2247279_2720175
167 93.00 56019 56129 OS_Chr10_2616367_3045941 99873 99988 OG_10_2247279_2720175
167 90.00 85593 85736 OS_Chr10_2616367_3045941 133523 133665 OG_10_2247279_2720175
167 89.00 193982 194125 OS_Chr10_2616367_3045941 248328 248471 OG_10_2247279_2720175
165 88.00 284817 284982 OS_Chr10_2616367_3045941 1456 1294 OG_10_2247279_2720175
165 81.00 148931 149298 OS_Chr10_2616367_3045941 42150 41778 OG_10_2247279_2720175
165 87.00 55145 55312 OS_Chr10_2616367_3045941 99029 99187 OG_10_2247279_2720175
165 86.00 422208 422389 OS_Chr10_2616367_3045941 248550 248371 OG_10_2247279_2720175
165 90.00 99095 99243 OS_Chr10_2616367_3045941 332591 332441 OG_10_2247279_2720175
165 85.00 343875 344072 OS_Chr10_2616367_3045941 361103 361301 OG_10_2247279_2720175
165 87.00 193997 194164 OS_Chr10_2616367_3045941 451918 451748 OG_10_2247279_2720175
163 86.00 118631 118808 OS_Chr10_2616367_3045941 178825 179002 OG_10_2247279_2720175
163 85.00 171966 172172 OS_Chr10_2616367_3045941 215308 215104 OG_10_2247279_2720175
163 90.00 120402 120538 OS_Chr10_2616367_3045941 275116 275250 OG_10_2247279_2720175
163 86.00 365734 365930 OS_Chr10_2616367_3045941 336126 336319 OG_10_2247279_2720175
163 92.00 402918 403035 OS_Chr10_2616367_3045941 412904 412787 OG_10_2247279_2720175
161 90.00 422254 422389 OS_Chr10_2616367_3045941 273720 273853 OG_10_2247279_2720175
159 88.00 137550 137693 OS_Chr10_2616367_3045941 9270 9413 OG_10_2247279_2720175
159 88.00 251982 252134 OS_Chr10_2616367_3045941 238934 239088 OG_10_2247279_2720175
159 85.00 193982 194185 OS_Chr10_2616367_3045941 273896 273691 OG_10_2247279_2720175
159 98.00 251840 251923 OS_Chr10_2616367_3045941 284892 284975 OG_10_2247279_2720175
159 89.00 58157 58311 OS_Chr10_2616367_3045941 285213 285062 OG_10_2247279_2720175
159 84.00 304269 304492 OS_Chr10_2616367_3045941 314697 314918 OG_10_2247279_2720175
159 88.00 210123 210273 OS_Chr10_2616367_3045941 334336 334185 OG_10_2247279_2720175
159 84.00 137262 137510 OS_Chr10_2616367_3045941 366083 366332 OG_10_2247279_2720175
157 86.00 329049 329219 OS_Chr10_2616367_3045941 93523 93693 OG_10_2247279_2720175
157 90.00 277162 277296 OS_Chr10_2616367_3045941 306917 306784 OG_10_2247279_2720175
157 85.00 374870 375071 OS_Chr10_2616367_3045941 336319 336121 OG_10_2247279_2720175
157 85.00 326074 326275 OS_Chr10_2616367_3045941 336121 336319 OG_10_2247279_2720175
157 85.00 334191 334392 OS_Chr10_2616367_3045941 336121 336319 OG_10_2247279_2720175
157 85.00 343114 343315 OS_Chr10_2616367_3045941 336121 336319 OG_10_2247279_2720175
157 85.00 306198 306396 OS_Chr10_2616367_3045941 355723 355924 OG_10_2247279_2720175
157 85.00 261028 261215 OS_Chr10_2616367_3045941 447276 447465 OG_10_2247279_2720175
155 92.00 304310 304422 OS_Chr10_2616367_3045941 1416 1306 OG_10_2247279_2720175
155 84.00 260720 260948 OS_Chr10_2616367_3045941 9270 9498 OG_10_2247279_2720175
155 84.00 95874 96090 OS_Chr10_2616367_3045941 51952 51736 OG_10_2247279_2720175
155 83.00 118012 118241 OS_Chr10_2616367_3045941 165475 165246 OG_10_2247279_2720175
155 95.00 78764 78857 OS_Chr10_2616367_3045941 191724 191631 OG_10_2247279_2720175
155 84.00 215145 215374 OS_Chr10_2616367_3045941 273905 273674 OG_10_2247279_2720175
155 85.00 306203 306396 OS_Chr10_2616367_3045941 379687 379491 OG_10_2247279_2720175
153 92.00 45182 45295 OS_Chr10_2616367_3045941 84548 84657 OG_10_2247279_2720175
153 96.00 85313 85401 OS_Chr10_2616367_3045941 132894 132982 OG_10_2247279_2720175
151 88.00 275202 275353 OS_Chr10_2616367_3045941 83997 83847 OG_10_2247279_2720175
151 82.00 346955 347210 OS_Chr10_2616367_3045941 121765 122020 OG_10_2247279_2720175
151 87.00 88489 88665 OS_Chr10_2616367_3045941 129258 129428 OG_10_2247279_2720175
151 89.00 284877 285008 OS_Chr10_2616367_3045941 215250 215119 OG_10_2247279_2720175
151 87.00 59376 59540 OS_Chr10_2616367_3045941 238922 239087 OG_10_2247279_2720175
151 88.00 59389 59540 OS_Chr10_2616367_3045941 285062 285212 OG_10_2247279_2720175
151 89.00 422254 422389 OS_Chr10_2616367_3045941 314725 314859 OG_10_2247279_2720175
151 85.00 306201 306396 OS_Chr10_2616367_3045941 371762 371960 OG_10_2247279_2720175
149 92.00 77027 77133 OS_Chr10_2616367_3045941 9655 9761 OG_10_2247279_2720175
149 92.00 77027 77133 OS_Chr10_2616367_3045941 18147 18253 OG_10_2247279_2720175
149 86.00 132267 132417 OS_Chr10_2616367_3045941 178655 178804 OG_10_2247279_2720175
149 89.00 194023 194156 OS_Chr10_2616367_3045941 314861 314725 OG_10_2247279_2720175
149 84.00 350854 351055 OS_Chr10_2616367_3045941 336121 336319 OG_10_2247279_2720175
149 89.00 422390 422516 OS_Chr10_2616367_3045941 394236 394362 OG_10_2247279_2720175
147 79.00 3150 3490 OS_Chr10_2616367_3045941 114306 114655 OG_10_2247279_2720175
147 85.00 240191 240366 OS_Chr10_2616367_3045941 215277 215104 OG_10_2247279_2720175
147 90.00 210123 210248 OS_Chr10_2616367_3045941 314841 314717 OG_10_2247279_2720175
147 89.00 422254 422379 OS_Chr10_2616367_3045941 334219 334344 OG_10_2247279_2720175
147 87.00 144866 145015 OS_Chr10_2616367_3045941 376877 376728 OG_10_2247279_2720175
145 88.00 5989 6125 OS_Chr10_2616367_3045941 114668 114804 OG_10_2247279_2720175
145 95.00 85392 85480 OS_Chr10_2616367_3045941 132894 132982 OG_10_2247279_2720175
145 89.00 242138 242263 OS_Chr10_2616367_3045941 166712 166839 OG_10_2247279_2720175
145 85.00 58157 58333 OS_Chr10_2616367_3045941 239088 238913 OG_10_2247279_2720175
145 93.00 304314 304414 OS_Chr10_2616367_3045941 243364 243264 OG_10_2247279_2720175
145 86.00 304332 304492 OS_Chr10_2616367_3045941 248471 248312 OG_10_2247279_2720175
145 81.00 393075 393319 OS_Chr10_2616367_3045941 392822 393068 OG_10_2247279_2720175
143 98.00 15680 15755 OS_Chr10_2616367_3045941 9655 9730 OG_10_2247279_2720175
143 87.00 137550 137693 OS_Chr10_2616367_3045941 17762 17905 OG_10_2247279_2720175
143 98.00 15680 15755 OS_Chr10_2616367_3045941 18147 18222 OG_10_2247279_2720175
143 88.00 215154 215296 OS_Chr10_2616367_3045941 215104 215247 OG_10_2247279_2720175
143 87.00 58161 58303 OS_Chr10_2616367_3045941 237210 237355 OG_10_2247279_2720175
143 91.00 230134 230245 OS_Chr10_2616367_3045941 263259 263148 OG_10_2247279_2720175
143 85.00 240199 240387 OS_Chr10_2616367_3045941 451765 451954 OG_10_2247279_2720175
141 98.00 10031 10105 OS_Chr10_2616367_3045941 9655 9729 OG_10_2247279_2720175
141 98.00 10031 10105 OS_Chr10_2616367_3045941 18147 18221 OG_10_2247279_2720175
141 81.00 66016 66302 OS_Chr10_2616367_3045941 91414 91700 OG_10_2247279_2720175
141 98.00 116291 116369 OS_Chr10_2616367_3045941 162701 162778 OG_10_2247279_2720175
141 95.00 194043 194129 OS_Chr10_2616367_3045941 243264 243350 OG_10_2247279_2720175
141 88.00 426104 426238 OS_Chr10_2616367_3045941 275116 275250 OG_10_2247279_2720175
141 95.00 350419 350505 OS_Chr10_2616367_3045941 371355 371441 OG_10_2247279_2720175
139 84.00 302492 302669 OS_Chr10_2616367_3045941 102465 102642 OG_10_2247279_2720175
139 88.00 284837 284962 OS_Chr10_2616367_3045941 243389 243264 OG_10_2247279_2720175
139 89.00 422254 422371 OS_Chr10_2616367_3045941 243381 243264 OG_10_2247279_2720175
137 83.00 402876 403068 OS_Chr10_2616367_3045941 263140 263323 OG_10_2247279_2720175
137 84.00 171951 172141 OS_Chr10_2616367_3045941 334175 334367 OG_10_2247279_2720175
137 96.00 361282 361362 OS_Chr10_2616367_3045941 370849 370929 OG_10_2247279_2720175
137 86.00 421702 421846 OS_Chr10_2616367_3045941 466460 466316 OG_10_2247279_2720175
135 87.00 421719 421850 OS_Chr10_2616367_3045941 165071 164940 OG_10_2247279_2720175
135 87.00 154005 154145 OS_Chr10_2616367_3045941 257633 257502 OG_10_2247279_2720175
135 90.00 229873 229984 OS_Chr10_2616367_3045941 263521 263410 OG_10_2247279_2720175
135 89.00 98201 98328 OS_Chr10_2616367_3045941 394236 394362 OG_10_2247279_2720175
133 83.00 260720 260949 OS_Chr10_2616367_3045941 17762 17991 OG_10_2247279_2720175
133 87.00 99095 99243 OS_Chr10_2616367_3045941 102615 102465 OG_10_2247279_2720175
133 94.00 85665 85751 OS_Chr10_2616367_3045941 132896 132982 OG_10_2247279_2720175
133 87.00 242124 242258 OS_Chr10_2616367_3045941 275250 275116 OG_10_2247279_2720175
133 89.00 59390 59515 OS_Chr10_2616367_3045941 284140 284015 OG_10_2247279_2720175
133 86.00 295692 295849 OS_Chr10_2616367_3045941 371010 370853 OG_10_2247279_2720175
133 91.00 403478 403584 OS_Chr10_2616367_3045941 413247 413142 OG_10_2247279_2720175
133 85.00 414142 414304 OS_Chr10_2616367_3045941 453954 454115 OG_10_2247279_2720175
131 88.00 172000 172131 OS_Chr10_2616367_3045941 1424 1294 OG_10_2247279_2720175
131 81.00 249408 249630 OS_Chr10_2616367_3045941 85507 85270 OG_10_2247279_2720175
131 97.00 85820 85893 OS_Chr10_2616367_3045941 132894 132967 OG_10_2247279_2720175
131 82.00 118930 119159 OS_Chr10_2616367_3045941 164555 164326 OG_10_2247279_2720175
131 94.00 210123 210208 OS_Chr10_2616367_3045941 215165 215250 OG_10_2247279_2720175
131 86.00 251991 252130 OS_Chr10_2616367_3045941 237355 237210 OG_10_2247279_2720175
131 88.00 240972 241089 OS_Chr10_2616367_3045941 243272 243389 OG_10_2247279_2720175
131 90.00 241191 241296 OS_Chr10_2616367_3045941 243379 243274 OG_10_2247279_2720175
131 84.00 304308 304492 OS_Chr10_2616367_3045941 273731 273912 OG_10_2247279_2720175
131 86.00 58157 58310 OS_Chr10_2616367_3045941 283981 284140 OG_10_2247279_2720175
131 89.00 204589 204713 OS_Chr10_2616367_3045941 285186 285062 OG_10_2247279_2720175
129 87.00 240934 241076 OS_Chr10_2616367_3045941 1286 1424 OG_10_2247279_2720175
129 83.00 248675 248846 OS_Chr10_2616367_3045941 102464 102646 OG_10_2247279_2720175
129 88.00 152256 152380 OS_Chr10_2616367_3045941 275116 275240 OG_10_2247279_2720175
129 83.00 306204 306396 OS_Chr10_2616367_3045941 360362 360557 OG_10_2247279_2720175
129 90.00 230107 230211 OS_Chr10_2616367_3045941 412800 412904 OG_10_2247279_2720175
127 83.00 118928 119134 OS_Chr10_2616367_3045941 57302 57099 OG_10_2247279_2720175
127 82.00 276355 276581 OS_Chr10_2616367_3045941 143633 143394 OG_10_2247279_2720175
127 82.00 95862 96101 OS_Chr10_2616367_3045941 306589 306363 OG_10_2247279_2720175
127 97.00 342219 342290 OS_Chr10_2616367_3045941 359639 359710 OG_10_2247279_2720175
127 93.00 342675 342765 OS_Chr10_2616367_3045941 371353 371441 OG_10_2247279_2720175
127 95.00 342694 342773 OS_Chr10_2616367_3045941 380105 380026 OG_10_2247279_2720175
127 91.00 230168 230263 OS_Chr10_2616367_3045941 412783 412688 OG_10_2247279_2720175
127 89.00 172003 172121 OS_Chr10_2616367_3045941 451764 451883 OG_10_2247279_2720175
125 79.00 50717 51095 OS_Chr10_2616367_3045941 114306 114684 OG_10_2247279_2720175
125 94.00 85744 85829 OS_Chr10_2616367_3045941 132896 132982 OG_10_2247279_2720175
125 83.00 85251 85390 OS_Chr10_2616367_3045941 133516 133669 OG_10_2247279_2720175
125 87.00 104964 105076 OS_Chr10_2616367_3045941 159953 160075 OG_10_2247279_2720175
125 84.00 166645 166794 OS_Chr10_2616367_3045941 181653 181788 OG_10_2247279_2720175
125 89.00 250954 251071 OS_Chr10_2616367_3045941 237237 237355 OG_10_2247279_2720175
125 84.00 74116 74356 OS_Chr10_2616367_3045941 366326 366084 OG_10_2247279_2720175
125 82.00 352068 352369 OS_Chr10_2616367_3045941 372552 372859 OG_10_2247279_2720175
123 84.00 240145 240326 OS_Chr10_2616367_3045941 1473 1293 OG_10_2247279_2720175
123 88.00 152290 152404 OS_Chr10_2616367_3045941 166729 166845 OG_10_2247279_2720175
123 79.00 162990 163281 OS_Chr10_2616367_3045941 178496 178767 OG_10_2247279_2720175
123 85.00 59397 59537 OS_Chr10_2616367_3045941 237355 237210 OG_10_2247279_2720175
123 85.00 208219 208375 OS_Chr10_2616367_3045941 241269 241115 OG_10_2247279_2720175
123 89.00 171999 172111 OS_Chr10_2616367_3045941 243377 243264 OG_10_2247279_2720175
123 90.00 306846 306950 OS_Chr10_2616367_3045941 248319 248424 OG_10_2247279_2720175
123 85.00 205790 205943 OS_Chr10_2616367_3045941 284140 283980 OG_10_2247279_2720175
123 85.00 215208 215373 OS_Chr10_2616367_3045941 334343 334175 OG_10_2247279_2720175
121 88.00 413642 413754 OS_Chr10_2616367_3045941 36658 36546 OG_10_2247279_2720175
121 82.00 276377 276569 OS_Chr10_2616367_3045941 51747 51952 OG_10_2247279_2720175
121 87.00 426099 426224 OS_Chr10_2616367_3045941 166839 166712 OG_10_2247279_2720175
121 84.00 166518 166674 OS_Chr10_2616367_3045941 178075 178231 OG_10_2247279_2720175
121 87.00 250954 251078 OS_Chr10_2616367_3045941 239060 238936 OG_10_2247279_2720175
121 82.00 248676 248847 OS_Chr10_2616367_3045941 332441 332623 OG_10_2247279_2720175
121 83.00 383513 383691 OS_Chr10_2616367_3045941 336142 336317 OG_10_2247279_2720175
121 94.00 15679 15755 OS_Chr10_2616367_3045941 363560 363484 OG_10_2247279_2720175
121 100.00 334807 334867 OS_Chr10_2616367_3045941 372472 372532 OG_10_2247279_2720175
121 93.00 424074 424155 OS_Chr10_2616367_3045941 418078 418163 OG_10_2247279_2720175
119 88.00 241164 241283 OS_Chr10_2616367_3045941 1453 1335 OG_10_2247279_2720175
119 88.00 45042 45153 OS_Chr10_2616367_3045941 84349 84460 OG_10_2247279_2720175
119 88.00 58157 58275 OS_Chr10_2616367_3045941 102120 102000 OG_10_2247279_2720175
119 93.00 70472 70551 OS_Chr10_2616367_3045941 120088 120009 OG_10_2247279_2720175
119 95.00 85900 85971 OS_Chr10_2616367_3045941 132896 132967 OG_10_2247279_2720175
119 85.00 398139 398286 OS_Chr10_2616367_3045941 140197 140051 OG_10_2247279_2720175
119 85.00 240145 240305 OS_Chr10_2616367_3045941 243425 243264 OG_10_2247279_2720175
119 82.00 284837 285039 OS_Chr10_2616367_3045941 273712 273912 OG_10_2247279_2720175
119 89.00 306835 306945 OS_Chr10_2616367_3045941 273916 273805 OG_10_2247279_2720175
119 94.00 10030 10105 OS_Chr10_2616367_3045941 363560 363485 OG_10_2247279_2720175
119 82.00 144865 145098 OS_Chr10_2616367_3045941 373961 374195 OG_10_2247279_2720175
119 93.00 350434 350513 OS_Chr10_2616367_3045941 380105 380026 OG_10_2247279_2720175
117 85.00 98236 98374 OS_Chr10_2616367_3045941 283041 282903 OG_10_2247279_2720175
117 81.00 323796 323983 OS_Chr10_2616367_3045941 352853 352678 OG_10_2247279_2720175
117 91.00 365313 365409 OS_Chr10_2616367_3045941 359901 359996 OG_10_2247279_2720175
115 94.00 85471 85544 OS_Chr10_2616367_3045941 132894 132967 OG_10_2247279_2720175
115 86.00 109725 109856 OS_Chr10_2616367_3045941 146847 146970 OG_10_2247279_2720175
115 86.00 100357 100480 OS_Chr10_2616367_3045941 156267 156398 OG_10_2247279_2720175
115 93.00 306837 306914 OS_Chr10_2616367_3045941 248550 248473 OG_10_2247279_2720175
115 94.00 78762 78835 OS_Chr10_2616367_3045941 274312 274385 OG_10_2247279_2720175
115 86.00 120405 120541 OS_Chr10_2616367_3045941 275250 275116 OG_10_2247279_2720175
115 86.00 43000 43125 OS_Chr10_2616367_3045941 305097 304972 OG_10_2247279_2720175
115 88.00 373478 373595 OS_Chr10_2616367_3045941 378132 378248 OG_10_2247279_2720175
115 94.00 373666 373742 OS_Chr10_2616367_3045941 378263 378340 OG_10_2247279_2720175
115 86.00 240929 241073 OS_Chr10_2616367_3045941 451905 451764 OG_10_2247279_2720175
113 88.00 418624 418743 OS_Chr10_2616367_3045941 18674 18793 OG_10_2247279_2720175
113 93.00 15679 15755 OS_Chr10_2616367_3045941 125378 125454 OG_10_2247279_2720175
113 88.00 82915 83023 OS_Chr10_2616367_3045941 138984 139092 OG_10_2247279_2720175
113 87.00 120400 120524 OS_Chr10_2616367_3045941 166836 166712 OG_10_2247279_2720175
113 90.00 306855 306950 OS_Chr10_2616367_3045941 215104 215200 OG_10_2247279_2720175
113 93.00 172113 172189 OS_Chr10_2616367_3045941 248473 248549 OG_10_2247279_2720175
113 95.00 215137 215205 OS_Chr10_2616367_3045941 248549 248481 OG_10_2247279_2720175
113 88.00 403085 403189 OS_Chr10_2616367_3045941 263383 263487 OG_10_2247279_2720175
113 86.00 145792 145916 OS_Chr10_2616367_3045941 376753 376877 OG_10_2247279_2720175
111 86.00 44076 44202 OS_Chr10_2616367_3045941 84494 84622 OG_10_2247279_2720175
111 86.00 422393 422516 OS_Chr10_2616367_3045941 112553 112430 OG_10_2247279_2720175
111 93.00 10030 10105 OS_Chr10_2616367_3045941 125378 125453 OG_10_2247279_2720175
111 93.00 85593 85668 OS_Chr10_2616367_3045941 132903 132978 OG_10_2247279_2720175
111 85.00 421702 421841 OS_Chr10_2616367_3045941 178967 178828 OG_10_2247279_2720175
111 81.00 366423 366712 OS_Chr10_2616367_3045941 361092 361378 OG_10_2247279_2720175
111 84.00 306251 306394 OS_Chr10_2616367_3045941 386586 386729 OG_10_2247279_2720175
111 94.00 303710 303781 OS_Chr10_2616367_3045941 394365 394294 OG_10_2247279_2720175
109 100.00 112181 112235 OS_Chr10_2616367_3045941 21645 21699 OG_10_2247279_2720175
109 100.00 112183 112237 OS_Chr10_2616367_3045941 21645 21699 OG_10_2247279_2720175
109 100.00 112185 112239 OS_Chr10_2616367_3045941 21645 21699 OG_10_2247279_2720175
109 100.00 112187 112241 OS_Chr10_2616367_3045941 21645 21699 OG_10_2247279_2720175
109 100.00 112189 112243 OS_Chr10_2616367_3045941 21645 21699 OG_10_2247279_2720175
109 100.00 112191 112245 OS_Chr10_2616367_3045941 21645 21699 OG_10_2247279_2720175
109 100.00 112193 112247 OS_Chr10_2616367_3045941 21645 21699 OG_10_2247279_2720175
109 100.00 112195 112249 OS_Chr10_2616367_3045941 21645 21699 OG_10_2247279_2720175
109 100.00 112197 112251 OS_Chr10_2616367_3045941 21645 21699 OG_10_2247279_2720175
109 100.00 112199 112253 OS_Chr10_2616367_3045941 21645 21699 OG_10_2247279_2720175
109 100.00 112201 112255 OS_Chr10_2616367_3045941 21645 21699 OG_10_2247279_2720175
109 100.00 112203 112257 OS_Chr10_2616367_3045941 21645 21699 OG_10_2247279_2720175
109 100.00 112205 112259 OS_Chr10_2616367_3045941 21645 21699 OG_10_2247279_2720175
109 100.00 162603 162657 OS_Chr10_2616367_3045941 21645 21699 OG_10_2247279_2720175
109 100.00 162605 162659 OS_Chr10_2616367_3045941 21645 21699 OG_10_2247279_2720175
109 100.00 162607 162661 OS_Chr10_2616367_3045941 21645 21699 OG_10_2247279_2720175
109 100.00 162609 162663 OS_Chr10_2616367_3045941 21645 21699 OG_10_2247279_2720175
109 100.00 162610 162664 OS_Chr10_2616367_3045941 21699 21645 OG_10_2247279_2720175
109 100.00 162608 162662 OS_Chr10_2616367_3045941 21699 21645 OG_10_2247279_2720175
109 100.00 162606 162660 OS_Chr10_2616367_3045941 21699 21645 OG_10_2247279_2720175
109 100.00 162604 162658 OS_Chr10_2616367_3045941 21699 21645 OG_10_2247279_2720175
109 100.00 112206 112260 OS_Chr10_2616367_3045941 21699 21645 OG_10_2247279_2720175
109 100.00 112204 112258 OS_Chr10_2616367_3045941 21699 21645 OG_10_2247279_2720175
109 100.00 112202 112256 OS_Chr10_2616367_3045941 21699 21645 OG_10_2247279_2720175
109 100.00 112200 112254 OS_Chr10_2616367_3045941 21699 21645 OG_10_2247279_2720175
109 100.00 112198 112252 OS_Chr10_2616367_3045941 21699 21645 OG_10_2247279_2720175
109 100.00 112196 112250 OS_Chr10_2616367_3045941 21699 21645 OG_10_2247279_2720175
109 100.00 112194 112248 OS_Chr10_2616367_3045941 21699 21645 OG_10_2247279_2720175
109 100.00 112192 112246 OS_Chr10_2616367_3045941 21699 21645 OG_10_2247279_2720175
109 100.00 112190 112244 OS_Chr10_2616367_3045941 21699 21645 OG_10_2247279_2720175
109 100.00 112188 112242 OS_Chr10_2616367_3045941 21699 21645 OG_10_2247279_2720175
109 100.00 112186 112240 OS_Chr10_2616367_3045941 21699 21645 OG_10_2247279_2720175
109 100.00 112184 112238 OS_Chr10_2616367_3045941 21699 21645 OG_10_2247279_2720175
109 100.00 112182 112236 OS_Chr10_2616367_3045941 21699 21645 OG_10_2247279_2720175
109 87.00 2852 2958 OS_Chr10_2616367_3045941 50520 50626 OG_10_2247279_2720175
109 87.00 249627 249741 OS_Chr10_2616367_3045941 85243 85124 OG_10_2247279_2720175
109 86.00 242118 242241 OS_Chr10_2616367_3045941 166837 166712 OG_10_2247279_2720175
109 92.00 240882 240960 OS_Chr10_2616367_3045941 248551 248473 OG_10_2247279_2720175
107 92.00 210146 210223 OS_Chr10_2616367_3045941 1335 1412 OG_10_2247279_2720175
107 100.00 112207 112260 OS_Chr10_2616367_3045941 21645 21698 OG_10_2247279_2720175
107 100.00 162611 162664 OS_Chr10_2616367_3045941 21645 21698 OG_10_2247279_2720175
107 100.00 162603 162656 OS_Chr10_2616367_3045941 21698 21645 OG_10_2247279_2720175
107 100.00 112181 112234 OS_Chr10_2616367_3045941 21698 21645 OG_10_2247279_2720175
107 86.00 2611 2724 OS_Chr10_2616367_3045941 50513 50626 OG_10_2247279_2720175
107 83.00 51220 51384 OS_Chr10_2616367_3045941 114752 114910 OG_10_2247279_2720175
107 85.00 419795 419945 OS_Chr10_2616367_3045941 265057 264910 OG_10_2247279_2720175
107 89.00 99143 99243 OS_Chr10_2616367_3045941 281840 281739 OG_10_2247279_2720175
107 85.00 323076 323209 OS_Chr10_2616367_3045941 353551 353418 OG_10_2247279_2720175
107 85.00 241164 241293 OS_Chr10_2616367_3045941 451731 451860 OG_10_2247279_2720175
105 93.00 419852 419924 OS_Chr10_2616367_3045941 97332 97404 OG_10_2247279_2720175
105 86.00 346288 346416 OS_Chr10_2616367_3045941 276292 276419 OG_10_2247279_2720175
105 92.00 306952 307028 OS_Chr10_2616367_3045941 334275 334199 OG_10_2247279_2720175
105 89.00 366235 366324 OS_Chr10_2616367_3045941 372392 372485 OG_10_2247279_2720175
105 92.00 370913 370989 OS_Chr10_2616367_3045941 377664 377740 OG_10_2247279_2720175
105 83.00 215208 215375 OS_Chr10_2616367_3045941 451880 451710 OG_10_2247279_2720175
105 87.00 210123 210231 OS_Chr10_2616367_3045941 451873 451765 OG_10_2247279_2720175
103 100.00 391724 391775 OS_Chr10_2616367_3045941 21696 21645 OG_10_2247279_2720175
103 100.00 367438 367489 OS_Chr10_2616367_3045941 21696 21645 OG_10_2247279_2720175
103 100.00 367438 367489 OS_Chr10_2616367_3045941 21645 21696 OG_10_2247279_2720175
103 100.00 391724 391775 OS_Chr10_2616367_3045941 21645 21696 OG_10_2247279_2720175
103 100.00 391724 391775 OS_Chr10_2616367_3045941 21698 21647 OG_10_2247279_2720175
103 100.00 367438 367489 OS_Chr10_2616367_3045941 21698 21647 OG_10_2247279_2720175
103 100.00 367438 367489 OS_Chr10_2616367_3045941 21647 21698 OG_10_2247279_2720175
103 100.00 391724 391775 OS_Chr10_2616367_3045941 21647 21698 OG_10_2247279_2720175
103 85.00 249067 249199 OS_Chr10_2616367_3045941 85737 85602 OG_10_2247279_2720175
103 89.00 3258 3345 OS_Chr10_2616367_3045941 91413 91500 OG_10_2247279_2720175
103 93.00 325536 325610 OS_Chr10_2616367_3045941 132311 132239 OG_10_2247279_2720175
103 93.00 85978 86049 OS_Chr10_2616367_3045941 132896 132967 OG_10_2247279_2720175
103 94.00 135417 135484 OS_Chr10_2616367_3045941 309977 310044 OG_10_2247279_2720175
103 88.00 145792 145891 OS_Chr10_2616367_3045941 374086 373987 OG_10_2247279_2720175
103 94.00 333783 333850 OS_Chr10_2616367_3045941 380093 380026 OG_10_2247279_2720175
103 89.00 92411 92505 OS_Chr10_2616367_3045941 408390 408300 OG_10_2247279_2720175
103 85.00 284853 284972 OS_Chr10_2616367_3045941 451764 451883 OG_10_2247279_2720175
101 98.00 367453 367507 OS_Chr10_2616367_3045941 21699 21645 OG_10_2247279_2720175
101 98.00 367451 367505 OS_Chr10_2616367_3045941 21699 21645 OG_10_2247279_2720175
101 98.00 367449 367503 OS_Chr10_2616367_3045941 21699 21645 OG_10_2247279_2720175
101 98.00 367447 367501 OS_Chr10_2616367_3045941 21699 21645 OG_10_2247279_2720175
101 98.00 367445 367499 OS_Chr10_2616367_3045941 21699 21645 OG_10_2247279_2720175
101 98.00 367443 367497 OS_Chr10_2616367_3045941 21699 21645 OG_10_2247279_2720175
101 98.00 367441 367495 OS_Chr10_2616367_3045941 21699 21645 OG_10_2247279_2720175
101 98.00 367440 367494 OS_Chr10_2616367_3045941 21645 21699 OG_10_2247279_2720175
101 98.00 367442 367496 OS_Chr10_2616367_3045941 21645 21699 OG_10_2247279_2720175
101 98.00 367444 367498 OS_Chr10_2616367_3045941 21645 21699 OG_10_2247279_2720175
101 98.00 367446 367500 OS_Chr10_2616367_3045941 21645 21699 OG_10_2247279_2720175
101 98.00 367448 367502 OS_Chr10_2616367_3045941 21645 21699 OG_10_2247279_2720175
101 98.00 367450 367504 OS_Chr10_2616367_3045941 21645 21699 OG_10_2247279_2720175
101 98.00 367452 367506 OS_Chr10_2616367_3045941 21645 21699 OG_10_2247279_2720175
101 100.00 391725 391775 OS_Chr10_2616367_3045941 21699 21649 OG_10_2247279_2720175
101 100.00 367439 367489 OS_Chr10_2616367_3045941 21699 21649 OG_10_2247279_2720175
101 100.00 367438 367488 OS_Chr10_2616367_3045941 21649 21699 OG_10_2247279_2720175
101 100.00 391724 391774 OS_Chr10_2616367_3045941 21649 21699 OG_10_2247279_2720175
101 88.00 389788 389882 OS_Chr10_2616367_3045941 37373 37467 OG_10_2247279_2720175
101 84.00 423459 423597 OS_Chr10_2616367_3045941 85985 86123 OG_10_2247279_2720175
101 85.00 205825 205942 OS_Chr10_2616367_3045941 102000 102120 OG_10_2247279_2720175
101 87.00 204563 204678 OS_Chr10_2616367_3045941 102116 102000 OG_10_2247279_2720175
101 90.00 367680 367765 OS_Chr10_2616367_3045941 112553 112467 OG_10_2247279_2720175
101 85.00 70302 70433 OS_Chr10_2616367_3045941 120290 120164 OG_10_2247279_2720175
101 100.00 103293 103343 OS_Chr10_2616367_3045941 149830 149880 OG_10_2247279_2720175
101 84.00 113491 113615 OS_Chr10_2616367_3045941 151550 151662 OG_10_2247279_2720175
101 100.00 110512 110562 OS_Chr10_2616367_3045941 158716 158766 OG_10_2247279_2720175
101 92.00 368538 368608 OS_Chr10_2616367_3045941 332510 332440 OG_10_2247279_2720175
101 88.00 350421 350516 OS_Chr10_2616367_3045941 355257 355348 OG_10_2247279_2720175
101 88.00 325608 325699 OS_Chr10_2616367_3045941 359912 360007 OG_10_2247279_2720175
101 89.00 422005 422091 OS_Chr10_2616367_3045941 416624 416710 OG_10_2247279_2720175
99 98.00 367454 367507 OS_Chr10_2616367_3045941 21645 21698 OG_10_2247279_2720175
99 91.00 120393 120466 OS_Chr10_2616367_3045941 47470 47543 OG_10_2247279_2720175
99 91.00 242112 242185 OS_Chr10_2616367_3045941 47470 47543 OG_10_2247279_2720175
99 86.00 356918 357039 OS_Chr10_2616367_3045941 102000 102119 OG_10_2247279_2720175
99 88.00 131769 131862 OS_Chr10_2616367_3045941 181555 181648 OG_10_2247279_2720175
99 83.00 207981 208135 OS_Chr10_2616367_3045941 241510 241354 OG_10_2247279_2720175
99 86.00 241191 241296 OS_Chr10_2616367_3045941 334221 334326 OG_10_2247279_2720175
99 92.00 83961 84035 OS_Chr10_2616367_3045941 355259 355183 OG_10_2247279_2720175
99 86.00 342658 342776 OS_Chr10_2616367_3045941 355240 355348 OG_10_2247279_2720175
99 95.00 373727 373788 OS_Chr10_2616367_3045941 378177 378238 OG_10_2247279_2720175
97 96.00 392505 392561 OS_Chr10_2616367_3045941 43849 43905 OG_10_2247279_2720175
97 88.00 398964 399052 OS_Chr10_2616367_3045941 139551 139463 OG_10_2247279_2720175
97 90.00 241220 241296 OS_Chr10_2616367_3045941 215251 215175 OG_10_2247279_2720175
97 88.00 396111 396211 OS_Chr10_2616367_3045941 252686 252587 OG_10_2247279_2720175
97 89.00 241191 241283 OS_Chr10_2616367_3045941 314727 314818 OG_10_2247279_2720175
97 87.00 277173 277274 OS_Chr10_2616367_3045941 324153 324050 OG_10_2247279_2720175
97 86.00 397145 397249 OS_Chr10_2616367_3045941 355824 355928 OG_10_2247279_2720175
97 96.00 333786 333842 OS_Chr10_2616367_3045941 371385 371441 OG_10_2247279_2720175
97 85.00 335000 335126 OS_Chr10_2616367_3045941 372624 372755 OG_10_2247279_2720175
97 90.00 229865 229941 OS_Chr10_2616367_3045941 412698 412774 OG_10_2247279_2720175
97 90.00 377446 377527 OS_Chr10_2616367_3045941 433558 433475 OG_10_2247279_2720175
95 83.00 250915 251043 OS_Chr10_2616367_3045941 102120 102000 OG_10_2247279_2720175
95 86.00 252033 252135 OS_Chr10_2616367_3045941 102014 102121 OG_10_2247279_2720175
95 90.00 79959 80038 OS_Chr10_2616367_3045941 128458 128379 OG_10_2247279_2720175
95 89.00 398385 398472 OS_Chr10_2616367_3045941 140043 139957 OG_10_2247279_2720175
95 90.00 284964 285039 OS_Chr10_2616367_3045941 248473 248548 OG_10_2247279_2720175
95 90.00 276508 276583 OS_Chr10_2616367_3045941 252518 252443 OG_10_2247279_2720175
95 90.00 236964 237043 OS_Chr10_2616367_3045941 270399 270320 OG_10_2247279_2720175
95 92.00 240884 240958 OS_Chr10_2616367_3045941 273674 273749 OG_10_2247279_2720175
95 92.00 326401 326468 OS_Chr10_2616367_3045941 387727 387794 OG_10_2247279_2720175
95 92.00 343441 343508 OS_Chr10_2616367_3045941 387727 387794 OG_10_2247279_2720175
95 94.00 400316 400387 OS_Chr10_2616367_3045941 407552 407483 OG_10_2247279_2720175
95 96.00 351005 351060 OS_Chr10_2616367_3045941 410752 410697 OG_10_2247279_2720175
95 92.00 282474 282541 OS_Chr10_2616367_3045941 414267 414200 OG_10_2247279_2720175
95 92.00 282474 282541 OS_Chr10_2616367_3045941 423702 423635 OG_10_2247279_2720175
95 83.00 408566 408709 OS_Chr10_2616367_3045941 452592 452737 OG_10_2247279_2720175
95 86.00 419794 419915 OS_Chr10_2616367_3045941 470305 470188 OG_10_2247279_2720175
93 96.00 367463 367517 OS_Chr10_2616367_3045941 21699 21645 OG_10_2247279_2720175
93 96.00 367461 367515 OS_Chr10_2616367_3045941 21699 21645 OG_10_2247279_2720175
93 96.00 367459 367513 OS_Chr10_2616367_3045941 21699 21645 OG_10_2247279_2720175
93 96.00 367458 367512 OS_Chr10_2616367_3045941 21645 21699 OG_10_2247279_2720175
93 96.00 367460 367514 OS_Chr10_2616367_3045941 21645 21699 OG_10_2247279_2720175
93 96.00 367462 367516 OS_Chr10_2616367_3045941 21645 21699 OG_10_2247279_2720175
93 100.00 173403 173449 OS_Chr10_2616367_3045941 21691 21645 OG_10_2247279_2720175
93 100.00 424244 424290 OS_Chr10_2616367_3045941 21645 21691 OG_10_2247279_2720175
93 100.00 424244 424290 OS_Chr10_2616367_3045941 21692 21646 OG_10_2247279_2720175
93 100.00 173403 173449 OS_Chr10_2616367_3045941 21646 21692 OG_10_2247279_2720175
93 100.00 173403 173449 OS_Chr10_2616367_3045941 21693 21647 OG_10_2247279_2720175
93 100.00 424244 424290 OS_Chr10_2616367_3045941 21647 21693 OG_10_2247279_2720175
93 100.00 424244 424290 OS_Chr10_2616367_3045941 21694 21648 OG_10_2247279_2720175
93 100.00 173403 173449 OS_Chr10_2616367_3045941 21648 21694 OG_10_2247279_2720175
93 100.00 173403 173449 OS_Chr10_2616367_3045941 21695 21649 OG_10_2247279_2720175
93 100.00 424244 424290 OS_Chr10_2616367_3045941 21649 21695 OG_10_2247279_2720175
93 100.00 424244 424290 OS_Chr10_2616367_3045941 21696 21650 OG_10_2247279_2720175
93 100.00 173403 173449 OS_Chr10_2616367_3045941 21650 21696 OG_10_2247279_2720175
93 100.00 173403 173449 OS_Chr10_2616367_3045941 21697 21651 OG_10_2247279_2720175
93 100.00 424244 424290 OS_Chr10_2616367_3045941 21651 21697 OG_10_2247279_2720175
93 100.00 424244 424290 OS_Chr10_2616367_3045941 21698 21652 OG_10_2247279_2720175
93 100.00 173403 173449 OS_Chr10_2616367_3045941 21652 21698 OG_10_2247279_2720175
93 100.00 173403 173449 OS_Chr10_2616367_3045941 21699 21653 OG_10_2247279_2720175
93 100.00 424244 424290 OS_Chr10_2616367_3045941 21653 21699 OG_10_2247279_2720175
93 98.00 120496 120546 OS_Chr10_2616367_3045941 47549 47599 OG_10_2247279_2720175
93 98.00 112253 112303 OS_Chr10_2616367_3045941 157050 157100 OG_10_2247279_2720175
93 85.00 426121 426240 OS_Chr10_2616367_3045941 166712 166833 OG_10_2247279_2720175
93 96.00 205404 205458 OS_Chr10_2616367_3045941 238704 238758 OG_10_2247279_2720175
93 84.00 210123 210248 OS_Chr10_2616367_3045941 273835 273712 OG_10_2247279_2720175
93 93.00 98266 98328 OS_Chr10_2616367_3045941 333716 333654 OG_10_2247279_2720175
93 94.00 333795 333853 OS_Chr10_2616367_3045941 355290 355348 OG_10_2247279_2720175
93 88.00 384672 384758 OS_Chr10_2616367_3045941 356040 356126 OG_10_2247279_2720175
93 98.00 351864 351914 OS_Chr10_2616367_3045941 372418 372468 OG_10_2247279_2720175
93 89.00 415360 415442 OS_Chr10_2616367_3045941 387812 387730 OG_10_2247279_2720175
93 90.00 392653 392729 OS_Chr10_2616367_3045941 392733 392806 OG_10_2247279_2720175
93 89.00 282463 282541 OS_Chr10_2616367_3045941 407146 407224 OG_10_2247279_2720175
93 89.00 384694 384776 OS_Chr10_2616367_3045941 423694 423612 OG_10_2247279_2720175
91 91.00 193966 194039 OS_Chr10_2616367_3045941 1472 1400 OG_10_2247279_2720175
91 96.00 71815 71868 OS_Chr10_2616367_3045941 18948 19001 OG_10_2247279_2720175
91 96.00 367464 367517 OS_Chr10_2616367_3045941 21645 21698 OG_10_2247279_2720175
91 100.00 424244 424289 OS_Chr10_2616367_3045941 21690 21645 OG_10_2247279_2720175
91 100.00 173404 173449 OS_Chr10_2616367_3045941 21645 21690 OG_10_2247279_2720175
91 100.00 424245 424290 OS_Chr10_2616367_3045941 21699 21654 OG_10_2247279_2720175
91 100.00 173403 173448 OS_Chr10_2616367_3045941 21654 21699 OG_10_2247279_2720175
91 100.00 120499 120544 OS_Chr10_2616367_3045941 47521 47476 OG_10_2247279_2720175
91 86.00 396114 396211 OS_Chr10_2616367_3045941 51963 51866 OG_10_2247279_2720175
91 96.00 42854 42907 OS_Chr10_2616367_3045941 83721 83774 OG_10_2247279_2720175
91 84.00 104949 105076 OS_Chr10_2616367_3045941 158716 158853 OG_10_2247279_2720175
91 89.00 240307 240384 OS_Chr10_2616367_3045941 248473 248550 OG_10_2247279_2720175
91 93.00 306955 307016 OS_Chr10_2616367_3045941 273773 273712 OG_10_2247279_2720175
91 82.00 422406 422553 OS_Chr10_2616367_3045941 283060 282905 OG_10_2247279_2720175
91 93.00 366354 366415 OS_Chr10_2616367_3045941 356371 356432 OG_10_2247279_2720175
91 93.00 400314 400387 OS_Chr10_2616367_3045941 413867 413938 OG_10_2247279_2720175
89 88.00 219658 219738 OS_Chr10_2616367_3045941 83630 83710 OG_10_2247279_2720175
89 100.00 424245 424289 OS_Chr10_2616367_3045941 112376 112332 OG_10_2247279_2720175
89 100.00 391731 391775 OS_Chr10_2616367_3045941 112376 112332 OG_10_2247279_2720175
89 100.00 391729 391773 OS_Chr10_2616367_3045941 112376 112332 OG_10_2247279_2720175
89 100.00 391727 391771 OS_Chr10_2616367_3045941 112376 112332 OG_10_2247279_2720175
89 100.00 391725 391769 OS_Chr10_2616367_3045941 112376 112332 OG_10_2247279_2720175
89 100.00 367445 367489 OS_Chr10_2616367_3045941 112376 112332 OG_10_2247279_2720175
89 100.00 367443 367487 OS_Chr10_2616367_3045941 112376 112332 OG_10_2247279_2720175
89 100.00 367441 367485 OS_Chr10_2616367_3045941 112376 112332 OG_10_2247279_2720175
89 100.00 367439 367483 OS_Chr10_2616367_3045941 112376 112332 OG_10_2247279_2720175
89 100.00 112181 112225 OS_Chr10_2616367_3045941 112332 112376 OG_10_2247279_2720175
89 100.00 112183 112227 OS_Chr10_2616367_3045941 112332 112376 OG_10_2247279_2720175
89 100.00 112185 112229 OS_Chr10_2616367_3045941 112332 112376 OG_10_2247279_2720175
89 100.00 112187 112231 OS_Chr10_2616367_3045941 112332 112376 OG_10_2247279_2720175
89 100.00 112189 112233 OS_Chr10_2616367_3045941 112332 112376 OG_10_2247279_2720175
89 100.00 112191 112235 OS_Chr10_2616367_3045941 112332 112376 OG_10_2247279_2720175
89 100.00 112193 112237 OS_Chr10_2616367_3045941 112332 112376 OG_10_2247279_2720175
89 100.00 112195 112239 OS_Chr10_2616367_3045941 112332 112376 OG_10_2247279_2720175
89 100.00 112197 112241 OS_Chr10_2616367_3045941 112332 112376 OG_10_2247279_2720175
89 100.00 112199 112243 OS_Chr10_2616367_3045941 112332 112376 OG_10_2247279_2720175
89 100.00 112201 112245 OS_Chr10_2616367_3045941 112332 112376 OG_10_2247279_2720175
89 100.00 112203 112247 OS_Chr10_2616367_3045941 112332 112376 OG_10_2247279_2720175
89 100.00 112205 112249 OS_Chr10_2616367_3045941 112332 112376 OG_10_2247279_2720175
89 100.00 112207 112251 OS_Chr10_2616367_3045941 112332 112376 OG_10_2247279_2720175
89 100.00 112209 112253 OS_Chr10_2616367_3045941 112332 112376 OG_10_2247279_2720175
89 100.00 112211 112255 OS_Chr10_2616367_3045941 112332 112376 OG_10_2247279_2720175
89 100.00 112213 112257 OS_Chr10_2616367_3045941 112332 112376 OG_10_2247279_2720175
89 100.00 112215 112259 OS_Chr10_2616367_3045941 112332 112376 OG_10_2247279_2720175
89 100.00 162603 162647 OS_Chr10_2616367_3045941 112332 112376 OG_10_2247279_2720175
89 100.00 162605 162649 OS_Chr10_2616367_3045941 112332 112376 OG_10_2247279_2720175
89 100.00 162607 162651 OS_Chr10_2616367_3045941 112332 112376 OG_10_2247279_2720175
89 100.00 162609 162653 OS_Chr10_2616367_3045941 112332 112376 OG_10_2247279_2720175
89 100.00 162611 162655 OS_Chr10_2616367_3045941 112332 112376 OG_10_2247279_2720175
89 100.00 162613 162657 OS_Chr10_2616367_3045941 112332 112376 OG_10_2247279_2720175
89 100.00 162615 162659 OS_Chr10_2616367_3045941 112332 112376 OG_10_2247279_2720175
89 100.00 162617 162661 OS_Chr10_2616367_3045941 112332 112376 OG_10_2247279_2720175
89 100.00 162619 162663 OS_Chr10_2616367_3045941 112332 112376 OG_10_2247279_2720175
89 100.00 173404 173448 OS_Chr10_2616367_3045941 112332 112376 OG_10_2247279_2720175
89 100.00 173405 173449 OS_Chr10_2616367_3045941 112376 112332 OG_10_2247279_2720175
89 100.00 173403 173447 OS_Chr10_2616367_3045941 112376 112332 OG_10_2247279_2720175
89 100.00 162620 162664 OS_Chr10_2616367_3045941 112376 112332 OG_10_2247279_2720175
89 100.00 162618 162662 OS_Chr10_2616367_3045941 112376 112332 OG_10_2247279_2720175
89 100.00 162616 162660 OS_Chr10_2616367_3045941 112376 112332 OG_10_2247279_2720175
89 100.00 162614 162658 OS_Chr10_2616367_3045941 112376 112332 OG_10_2247279_2720175
89 100.00 162612 162656 OS_Chr10_2616367_3045941 112376 112332 OG_10_2247279_2720175
89 100.00 162610 162654 OS_Chr10_2616367_3045941 112376 112332 OG_10_2247279_2720175
89 100.00 162608 162652 OS_Chr10_2616367_3045941 112376 112332 OG_10_2247279_2720175
89 100.00 162606 162650 OS_Chr10_2616367_3045941 112376 112332 OG_10_2247279_2720175
89 100.00 162604 162648 OS_Chr10_2616367_3045941 112376 112332 OG_10_2247279_2720175
89 100.00 112216 112260 OS_Chr10_2616367_3045941 112376 112332 OG_10_2247279_2720175
89 100.00 112214 112258 OS_Chr10_2616367_3045941 112376 112332 OG_10_2247279_2720175
89 100.00 112212 112256 OS_Chr10_2616367_3045941 112376 112332 OG_10_2247279_2720175
89 100.00 112210 112254 OS_Chr10_2616367_3045941 112376 112332 OG_10_2247279_2720175
89 100.00 112208 112252 OS_Chr10_2616367_3045941 112376 112332 OG_10_2247279_2720175
89 100.00 112206 112250 OS_Chr10_2616367_3045941 112376 112332 OG_10_2247279_2720175
89 100.00 112204 112248 OS_Chr10_2616367_3045941 112376 112332 OG_10_2247279_2720175
89 100.00 112202 112246 OS_Chr10_2616367_3045941 112376 112332 OG_10_2247279_2720175
89 100.00 112200 112244 OS_Chr10_2616367_3045941 112376 112332 OG_10_2247279_2720175
89 100.00 112198 112242 OS_Chr10_2616367_3045941 112376 112332 OG_10_2247279_2720175
89 100.00 112196 112240 OS_Chr10_2616367_3045941 112376 112332 OG_10_2247279_2720175
89 100.00 112194 112238 OS_Chr10_2616367_3045941 112376 112332 OG_10_2247279_2720175
89 100.00 112192 112236 OS_Chr10_2616367_3045941 112376 112332 OG_10_2247279_2720175
89 100.00 112190 112234 OS_Chr10_2616367_3045941 112376 112332 OG_10_2247279_2720175
89 100.00 112188 112232 OS_Chr10_2616367_3045941 112376 112332 OG_10_2247279_2720175
89 100.00 112186 112230 OS_Chr10_2616367_3045941 112376 112332 OG_10_2247279_2720175
89 100.00 112184 112228 OS_Chr10_2616367_3045941 112376 112332 OG_10_2247279_2720175
89 100.00 112182 112226 OS_Chr10_2616367_3045941 112376 112332 OG_10_2247279_2720175
89 100.00 367438 367482 OS_Chr10_2616367_3045941 112332 112376 OG_10_2247279_2720175
89 100.00 367440 367484 OS_Chr10_2616367_3045941 112332 112376 OG_10_2247279_2720175
89 100.00 367442 367486 OS_Chr10_2616367_3045941 112332 112376 OG_10_2247279_2720175
89 100.00 367444 367488 OS_Chr10_2616367_3045941 112332 112376 OG_10_2247279_2720175
89 100.00 391724 391768 OS_Chr10_2616367_3045941 112332 112376 OG_10_2247279_2720175
89 100.00 391726 391770 OS_Chr10_2616367_3045941 112332 112376 OG_10_2247279_2720175
89 100.00 391728 391772 OS_Chr10_2616367_3045941 112332 112376 OG_10_2247279_2720175
89 100.00 391730 391774 OS_Chr10_2616367_3045941 112332 112376 OG_10_2247279_2720175
89 100.00 424244 424288 OS_Chr10_2616367_3045941 112332 112376 OG_10_2247279_2720175
89 100.00 424246 424290 OS_Chr10_2616367_3045941 112332 112376 OG_10_2247279_2720175
89 92.00 86056 86120 OS_Chr10_2616367_3045941 132896 132960 OG_10_2247279_2720175
89 89.00 234138 234214 OS_Chr10_2616367_3045941 187140 187216 OG_10_2247279_2720175
89 97.00 168858 168906 OS_Chr10_2616367_3045941 189230 189278 OG_10_2247279_2720175
89 95.00 194141 194201 OS_Chr10_2616367_3045941 215147 215088 OG_10_2247279_2720175
89 92.00 306952 307016 OS_Chr10_2616367_3045941 243325 243389 OG_10_2247279_2720175
89 84.00 294404 294520 OS_Chr10_2616367_3045941 306767 306651 OG_10_2247279_2720175
89 85.00 306839 306950 OS_Chr10_2616367_3045941 314918 314806 OG_10_2247279_2720175
89 92.00 306885 306950 OS_Chr10_2616367_3045941 334368 334301 OG_10_2247279_2720175
89 85.00 415580 415684 OS_Chr10_2616367_3045941 355928 355824 OG_10_2247279_2720175
89 84.00 249883 250011 OS_Chr10_2616367_3045941 394362 394235 OG_10_2247279_2720175
89 93.00 404144 404214 OS_Chr10_2616367_3045941 410158 410230 OG_10_2247279_2720175
87 87.00 215195 215296 OS_Chr10_2616367_3045941 1294 1394 OG_10_2247279_2720175
87 85.00 418624 418742 OS_Chr10_2616367_3045941 10182 10300 OG_10_2247279_2720175
87 90.00 242196 242267 OS_Chr10_2616367_3045941 47541 47470 OG_10_2247279_2720175
87 90.00 426095 426166 OS_Chr10_2616367_3045941 47470 47541 OG_10_2247279_2720175
87 94.00 135429 135484 OS_Chr10_2616367_3045941 100376 100321 OG_10_2247279_2720175
87 85.00 59426 59540 OS_Chr10_2616367_3045941 102001 102119 OG_10_2247279_2720175
87 100.00 424244 424287 OS_Chr10_2616367_3045941 112375 112332 OG_10_2247279_2720175
87 100.00 391724 391767 OS_Chr10_2616367_3045941 112375 112332 OG_10_2247279_2720175
87 100.00 367438 367481 OS_Chr10_2616367_3045941 112375 112332 OG_10_2247279_2720175
87 100.00 112217 112260 OS_Chr10_2616367_3045941 112332 112375 OG_10_2247279_2720175
87 100.00 162621 162664 OS_Chr10_2616367_3045941 112332 112375 OG_10_2247279_2720175
87 100.00 173406 173449 OS_Chr10_2616367_3045941 112332 112375 OG_10_2247279_2720175
87 100.00 162603 162646 OS_Chr10_2616367_3045941 112375 112332 OG_10_2247279_2720175
87 100.00 112181 112224 OS_Chr10_2616367_3045941 112375 112332 OG_10_2247279_2720175
87 100.00 367446 367489 OS_Chr10_2616367_3045941 112332 112375 OG_10_2247279_2720175
87 100.00 391732 391775 OS_Chr10_2616367_3045941 112332 112375 OG_10_2247279_2720175
87 94.00 135429 135484 OS_Chr10_2616367_3045941 135114 135059 OG_10_2247279_2720175
87 96.00 204922 204973 OS_Chr10_2616367_3045941 238757 238706 OG_10_2247279_2720175
87 91.00 135417 135484 OS_Chr10_2616367_3045941 243014 243081 OG_10_2247279_2720175
87 91.00 397378 397445 OS_Chr10_2616367_3045941 312348 312415 OG_10_2247279_2720175
87 100.00 415407 415450 OS_Chr10_2616367_3045941 312391 312348 OG_10_2247279_2720175
87 86.00 276814 276925 OS_Chr10_2616367_3045941 324048 324162 OG_10_2247279_2720175
87 86.00 152302 152398 OS_Chr10_2616367_3045941 330736 330638 OG_10_2247279_2720175
87 91.00 415394 415461 OS_Chr10_2616367_3045941 360734 360667 OG_10_2247279_2720175
87 97.00 343757 343804 OS_Chr10_2616367_3045941 372483 372530 OG_10_2247279_2720175
87 91.00 327541 327612 OS_Chr10_2616367_3045941 372685 372755 OG_10_2247279_2720175
87 93.00 397711 397780 OS_Chr10_2616367_3045941 410230 410159 OG_10_2247279_2720175
87 94.00 365880 365935 OS_Chr10_2616367_3045941 410752 410697 OG_10_2247279_2720175
87 94.00 374865 374920 OS_Chr10_2616367_3045941 410697 410752 OG_10_2247279_2720175
87 100.00 408439 408482 OS_Chr10_2616367_3045941 452391 452434 OG_10_2247279_2720175
87 87.00 414883 414970 OS_Chr10_2616367_3045941 454844 454931 OG_10_2247279_2720175
85 94.00 367471 367525 OS_Chr10_2616367_3045941 21699 21645 OG_10_2247279_2720175
85 94.00 367469 367523 OS_Chr10_2616367_3045941 21699 21645 OG_10_2247279_2720175
85 94.00 367468 367522 OS_Chr10_2616367_3045941 21645 21699 OG_10_2247279_2720175
85 94.00 367470 367524 OS_Chr10_2616367_3045941 21645 21699 OG_10_2247279_2720175
85 90.00 329131 329205 OS_Chr10_2616367_3045941 44355 44282 OG_10_2247279_2720175
85 83.00 356917 357038 OS_Chr10_2616367_3045941 100102 99987 OG_10_2247279_2720175
85 85.00 91459 91567 OS_Chr10_2616367_3045941 131194 131299 OG_10_2247279_2720175
85 82.00 100780 100933 OS_Chr10_2616367_3045941 156771 156927 OG_10_2247279_2720175
85 82.00 152259 152393 OS_Chr10_2616367_3045941 275250 275116 OG_10_2247279_2720175
85 85.00 423507 423605 OS_Chr10_2616367_3045941 281837 281739 OG_10_2247279_2720175
85 87.00 368521 368607 OS_Chr10_2616367_3045941 281825 281739 OG_10_2247279_2720175
85 86.00 426093 426192 OS_Chr10_2616367_3045941 330632 330733 OG_10_2247279_2720175
85 92.00 422454 422516 OS_Chr10_2616367_3045941 333716 333654 OG_10_2247279_2720175
85 94.00 400873 400927 OS_Chr10_2616367_3045941 355929 355875 OG_10_2247279_2720175
85 89.00 325608 325688 OS_Chr10_2616367_3045941 371357 371441 OG_10_2247279_2720175
85 94.00 327298 327352 OS_Chr10_2616367_3045941 372478 372532 OG_10_2247279_2720175
85 88.00 415383 415461 OS_Chr10_2616367_3045941 379302 379380 OG_10_2247279_2720175
85 92.00 384691 384753 OS_Chr10_2616367_3045941 379364 379302 OG_10_2247279_2720175
85 94.00 397196 397250 OS_Chr10_2616367_3045941 379540 379486 OG_10_2247279_2720175
85 94.00 400874 400928 OS_Chr10_2616367_3045941 379487 379541 OG_10_2247279_2720175
85 88.00 99166 99244 OS_Chr10_2616367_3045941 404613 404691 OG_10_2247279_2720175
85 87.00 384694 384776 OS_Chr10_2616367_3045941 407165 407247 OG_10_2247279_2720175
85 89.00 403182 403264 OS_Chr10_2616367_3045941 412776 412695 OG_10_2247279_2720175
85 89.00 402873 402954 OS_Chr10_2616367_3045941 412979 412897 OG_10_2247279_2720175
85 87.00 384694 384776 OS_Chr10_2616367_3045941 414259 414177 OG_10_2247279_2720175
83 96.00 70303 70352 OS_Chr10_2616367_3045941 19001 18952 OG_10_2247279_2720175
83 94.00 367472 367525 OS_Chr10_2616367_3045941 21645 21698 OG_10_2247279_2720175
83 97.00 413911 413956 OS_Chr10_2616367_3045941 36610 36655 OG_10_2247279_2720175
83 96.00 120400 120449 OS_Chr10_2616367_3045941 47596 47547 OG_10_2247279_2720175
83 90.00 302604 302669 OS_Chr10_2616367_3045941 86030 85965 OG_10_2247279_2720175
83 84.00 59426 59539 OS_Chr10_2616367_3045941 100100 99987 OG_10_2247279_2720175
83 96.00 2387 2436 OS_Chr10_2616367_3045941 114048 114097 OG_10_2247279_2720175
83 100.00 85551 85592 OS_Chr10_2616367_3045941 132896 132937 OG_10_2247279_2720175
83 79.00 335299 335517 OS_Chr10_2616367_3045941 188970 188756 OG_10_2247279_2720175
83 87.00 118172 118257 OS_Chr10_2616367_3045941 191636 191551 OG_10_2247279_2720175
83 82.00 213028 213161 OS_Chr10_2616367_3045941 201096 200963 OG_10_2247279_2720175
83 82.00 179773 179906 OS_Chr10_2616367_3045941 246309 246176 OG_10_2247279_2720175
83 96.00 307028 307077 OS_Chr10_2616367_3045941 248499 248548 OG_10_2247279_2720175
83 88.00 396278 396355 OS_Chr10_2616367_3045941 252610 252687 OG_10_2247279_2720175
83 91.00 152508 152569 OS_Chr10_2616367_3045941 257755 257694 OG_10_2247279_2720175
83 85.00 302492 302593 OS_Chr10_2616367_3045941 281739 281840 OG_10_2247279_2720175
83 87.00 396266 396351 OS_Chr10_2616367_3045941 306448 306363 OG_10_2247279_2720175
83 84.00 276681 276786 OS_Chr10_2616367_3045941 307313 307208 OG_10_2247279_2720175
83 85.00 423509 423606 OS_Chr10_2616367_3045941 332537 332440 OG_10_2247279_2720175
83 89.00 240885 240958 OS_Chr10_2616367_3045941 334175 334248 OG_10_2247279_2720175
83 86.00 334766 334861 OS_Chr10_2616367_3045941 360949 361051 OG_10_2247279_2720175
83 89.00 400638 400711 OS_Chr10_2616367_3045941 387795 387722 OG_10_2247279_2720175
83 83.00 56428 56556 OS_Chr10_2616367_3045941 394236 394365 OG_10_2247279_2720175
81 100.00 357821 357861 OS_Chr10_2616367_3045941 21660 21700 OG_10_2247279_2720175
81 89.00 426177 426249 OS_Chr10_2616367_3045941 47543 47471 OG_10_2247279_2720175
81 92.00 242210 242266 OS_Chr10_2616367_3045941 47546 47602 OG_10_2247279_2720175
81 86.00 235671 235763 OS_Chr10_2616367_3045941 60721 60629 OG_10_2247279_2720175
81 97.00 367463 367507 OS_Chr10_2616367_3045941 112376 112332 OG_10_2247279_2720175
81 97.00 367461 367505 OS_Chr10_2616367_3045941 112376 112332 OG_10_2247279_2720175
81 97.00 367459 367503 OS_Chr10_2616367_3045941 112376 112332 OG_10_2247279_2720175
81 97.00 367457 367501 OS_Chr10_2616367_3045941 112376 112332 OG_10_2247279_2720175
81 97.00 367455 367499 OS_Chr10_2616367_3045941 112376 112332 OG_10_2247279_2720175
81 97.00 367453 367497 OS_Chr10_2616367_3045941 112376 112332 OG_10_2247279_2720175
81 97.00 367451 367495 OS_Chr10_2616367_3045941 112376 112332 OG_10_2247279_2720175
81 97.00 367450 367494 OS_Chr10_2616367_3045941 112332 112376 OG_10_2247279_2720175
81 97.00 367452 367496 OS_Chr10_2616367_3045941 112332 112376 OG_10_2247279_2720175
81 97.00 367454 367498 OS_Chr10_2616367_3045941 112332 112376 OG_10_2247279_2720175
81 97.00 367456 367500 OS_Chr10_2616367_3045941 112332 112376 OG_10_2247279_2720175
81 97.00 367458 367502 OS_Chr10_2616367_3045941 112332 112376 OG_10_2247279_2720175
81 97.00 367460 367504 OS_Chr10_2616367_3045941 112332 112376 OG_10_2247279_2720175
81 97.00 367462 367506 OS_Chr10_2616367_3045941 112332 112376 OG_10_2247279_2720175
81 100.00 357821 357861 OS_Chr10_2616367_3045941 112337 112377 OG_10_2247279_2720175
81 89.00 80129 80197 OS_Chr10_2616367_3045941 128288 128220 OG_10_2247279_2720175
81 88.00 396127 396211 OS_Chr10_2616367_3045941 143408 143491 OG_10_2247279_2720175
81 85.00 167136 167245 OS_Chr10_2616367_3045941 188071 188181 OG_10_2247279_2720175
81 89.00 249893 249965 OS_Chr10_2616367_3045941 230491 230563 OG_10_2247279_2720175
81 92.00 356972 357036 OS_Chr10_2616367_3045941 237273 237210 OG_10_2247279_2720175
81 86.00 241881 241973 OS_Chr10_2616367_3045941 252585 252493 OG_10_2247279_2720175
81 88.00 236802 236882 OS_Chr10_2616367_3045941 270560 270481 OG_10_2247279_2720175
81 87.00 284962 285042 OS_Chr10_2616367_3045941 314758 314678 OG_10_2247279_2720175
81 90.00 240318 240382 OS_Chr10_2616367_3045941 334239 334175 OG_10_2247279_2720175
81 84.00 404907 405011 OS_Chr10_2616367_3045941 355928 355824 OG_10_2247279_2720175
81 91.00 415573 415633 OS_Chr10_2616367_3045941 379480 379540 OG_10_2247279_2720175
81 87.00 367677 367764 OS_Chr10_2616367_3045941 394236 394324 OG_10_2247279_2720175
81 94.00 374866 374918 OS_Chr10_2616367_3045941 407028 406976 OG_10_2247279_2720175
81 94.00 365882 365934 OS_Chr10_2616367_3045941 406976 407028 OG_10_2247279_2720175
81 87.00 343425 343505 OS_Chr10_2616367_3045941 414278 414198 OG_10_2247279_2720175
81 87.00 326385 326465 OS_Chr10_2616367_3045941 414278 414198 OG_10_2247279_2720175
81 84.00 365830 365934 OS_Chr10_2616367_3045941 414736 414632 OG_10_2247279_2720175
81 87.00 343425 343505 OS_Chr10_2616367_3045941 423713 423633 OG_10_2247279_2720175
81 87.00 326385 326465 OS_Chr10_2616367_3045941 423713 423633 OG_10_2247279_2720175
81 85.00 413839 413932 OS_Chr10_2616367_3045941 467191 467094 OG_10_2247279_2720175
81 87.00 301048 301140 OS_Chr10_2616367_3045941 470225 470316 OG_10_2247279_2720175
79 89.00 135417 135484 OS_Chr10_2616367_3045941 20091 20024 OG_10_2247279_2720175
79 100.00 357821 357860 OS_Chr10_2616367_3045941 21685 21646 OG_10_2247279_2720175
79 100.00 357821 357860 OS_Chr10_2616367_3045941 21646 21685 OG_10_2247279_2720175
79 100.00 357821 357860 OS_Chr10_2616367_3045941 21687 21648 OG_10_2247279_2720175
79 100.00 357821 357860 OS_Chr10_2616367_3045941 21648 21687 OG_10_2247279_2720175
79 100.00 357821 357860 OS_Chr10_2616367_3045941 21689 21650 OG_10_2247279_2720175
79 100.00 357821 357860 OS_Chr10_2616367_3045941 21650 21689 OG_10_2247279_2720175
79 100.00 357821 357860 OS_Chr10_2616367_3045941 21691 21652 OG_10_2247279_2720175
79 100.00 357821 357860 OS_Chr10_2616367_3045941 21652 21691 OG_10_2247279_2720175
79 100.00 357821 357860 OS_Chr10_2616367_3045941 21693 21654 OG_10_2247279_2720175
79 100.00 357821 357860 OS_Chr10_2616367_3045941 21654 21693 OG_10_2247279_2720175
79 100.00 357821 357860 OS_Chr10_2616367_3045941 21695 21656 OG_10_2247279_2720175
79 100.00 357821 357860 OS_Chr10_2616367_3045941 21656 21695 OG_10_2247279_2720175
79 100.00 357821 357860 OS_Chr10_2616367_3045941 21697 21658 OG_10_2247279_2720175
79 100.00 357821 357860 OS_Chr10_2616367_3045941 21658 21697 OG_10_2247279_2720175
79 100.00 357821 357860 OS_Chr10_2616367_3045941 21699 21660 OG_10_2247279_2720175
79 82.00 391316 391489 OS_Chr10_2616367_3045941 43512 43681 OG_10_2247279_2720175
79 92.00 242113 242168 OS_Chr10_2616367_3045941 47602 47547 OG_10_2247279_2720175
79 97.00 367464 367507 OS_Chr10_2616367_3045941 112332 112375 OG_10_2247279_2720175
79 100.00 357821 357860 OS_Chr10_2616367_3045941 112372 112333 OG_10_2247279_2720175
79 100.00 357821 357860 OS_Chr10_2616367_3045941 112333 112372 OG_10_2247279_2720175
79 100.00 357821 357860 OS_Chr10_2616367_3045941 112374 112335 OG_10_2247279_2720175
79 100.00 357821 357860 OS_Chr10_2616367_3045941 112335 112374 OG_10_2247279_2720175
79 100.00 357821 357860 OS_Chr10_2616367_3045941 112376 112337 OG_10_2247279_2720175
79 92.00 392599 392654 OS_Chr10_2616367_3045941 126426 126371 OG_10_2247279_2720175
79 95.00 392595 392642 OS_Chr10_2616367_3045941 126579 126532 OG_10_2247279_2720175
79 92.00 135429 135484 OS_Chr10_2616367_3045941 131743 131688 OG_10_2247279_2720175
79 92.00 422221 422276 OS_Chr10_2616367_3045941 215099 215154 OG_10_2247279_2720175
79 83.00 197805 197920 OS_Chr10_2616367_3045941 282916 283031 OG_10_2247279_2720175
79 90.00 95863 95933 OS_Chr10_2616367_3045941 306363 306434 OG_10_2247279_2720175
79 89.00 276513 276580 OS_Chr10_2616367_3045941 306430 306363 OG_10_2247279_2720175
79 88.00 219275 219350 OS_Chr10_2616367_3045941 306591 306516 OG_10_2247279_2720175
79 85.00 294065 294179 OS_Chr10_2616367_3045941 306804 306915 OG_10_2247279_2720175
79 97.00 404497 404540 OS_Chr10_2616367_3045941 312391 312348 OG_10_2247279_2720175
79 89.00 306952 307027 OS_Chr10_2616367_3045941 314780 314706 OG_10_2247279_2720175
79 93.00 249836 249895 OS_Chr10_2616367_3045941 332560 332618 OG_10_2247279_2720175
79 92.00 415385 415440 OS_Chr10_2616367_3045941 336867 336812 OG_10_2247279_2720175
79 92.00 282108 282163 OS_Chr10_2616367_3045941 355867 355922 OG_10_2247279_2720175
79 88.00 375419 375501 OS_Chr10_2616367_3045941 359988 359907 OG_10_2247279_2720175
79 92.00 400873 400928 OS_Chr10_2616367_3045941 360562 360507 OG_10_2247279_2720175
79 92.00 400873 400928 OS_Chr10_2616367_3045941 371965 371910 OG_10_2247279_2720175
79 83.00 401064 401175 OS_Chr10_2616367_3045941 386536 386425 OG_10_2247279_2720175
79 90.00 351186 351249 OS_Chr10_2616367_3045941 387731 387794 OG_10_2247279_2720175
79 88.00 383423 383498 OS_Chr10_2616367_3045941 406763 406838 OG_10_2247279_2720175
79 92.00 334342 334397 OS_Chr10_2616367_3045941 410752 410697 OG_10_2247279_2720175
79 93.00 406608 406666 OS_Chr10_2616367_3045941 450916 450975 OG_10_2247279_2720175
79 91.00 298635 298694 OS_Chr10_2616367_3045941 469355 469296 OG_10_2247279_2720175
77 89.00 30426 30500 OS_Chr10_2616367_3045941 9655 9728 OG_10_2247279_2720175
77 89.00 30426 30500 OS_Chr10_2616367_3045941 18147 18220 OG_10_2247279_2720175
77 92.00 367497 367551 OS_Chr10_2616367_3045941 21699 21645 OG_10_2247279_2720175
77 92.00 367495 367549 OS_Chr10_2616367_3045941 21699 21645 OG_10_2247279_2720175
77 92.00 367493 367547 OS_Chr10_2616367_3045941 21699 21645 OG_10_2247279_2720175
77 92.00 367491 367545 OS_Chr10_2616367_3045941 21699 21645 OG_10_2247279_2720175
77 92.00 367479 367533 OS_Chr10_2616367_3045941 21699 21645 OG_10_2247279_2720175
77 92.00 367477 367531 OS_Chr10_2616367_3045941 21699 21645 OG_10_2247279_2720175
77 92.00 367476 367530 OS_Chr10_2616367_3045941 21645 21699 OG_10_2247279_2720175
77 92.00 367478 367532 OS_Chr10_2616367_3045941 21645 21699 OG_10_2247279_2720175
77 92.00 367492 367546 OS_Chr10_2616367_3045941 21645 21699 OG_10_2247279_2720175
77 92.00 367494 367548 OS_Chr10_2616367_3045941 21645 21699 OG_10_2247279_2720175
77 92.00 367496 367550 OS_Chr10_2616367_3045941 21645 21699 OG_10_2247279_2720175
77 100.00 357821 357859 OS_Chr10_2616367_3045941 21683 21645 OG_10_2247279_2720175
77 100.00 357822 357860 OS_Chr10_2616367_3045941 21645 21683 OG_10_2247279_2720175
77 92.00 95874 95935 OS_Chr10_2616367_3045941 51736 51798 OG_10_2247279_2720175
77 86.00 99148 99237 OS_Chr10_2616367_3045941 86035 86125 OG_10_2247279_2720175
77 93.00 98316 98374 OS_Chr10_2616367_3045941 102642 102585 OG_10_2247279_2720175
77 100.00 357821 357859 OS_Chr10_2616367_3045941 112370 112332 OG_10_2247279_2720175
77 100.00 357822 357860 OS_Chr10_2616367_3045941 112332 112370 OG_10_2247279_2720175
77 85.00 9151 9261 OS_Chr10_2616367_3045941 124478 124586 OG_10_2247279_2720175
77 85.00 14800 14910 OS_Chr10_2616367_3045941 124478 124586 OG_10_2247279_2720175
77 91.00 91062 91129 OS_Chr10_2616367_3045941 130769 130831 OG_10_2247279_2720175
77 94.00 209773 209823 OS_Chr10_2616367_3045941 131846 131796 OG_10_2247279_2720175
77 90.00 85249 85311 OS_Chr10_2616367_3045941 133592 133654 OG_10_2247279_2720175
77 83.00 100742 100856 OS_Chr10_2616367_3045941 159623 159737 OG_10_2247279_2720175
77 84.00 166521 166623 OS_Chr10_2616367_3045941 171509 171611 OG_10_2247279_2720175
77 90.00 95880 95949 OS_Chr10_2616367_3045941 248329 248399 OG_10_2247279_2720175
77 88.00 219276 219350 OS_Chr10_2616367_3045941 252685 252611 OG_10_2247279_2720175
77 87.00 403182 403264 OS_Chr10_2616367_3045941 263451 263532 OG_10_2247279_2720175
77 89.00 193966 194039 OS_Chr10_2616367_3045941 273675 273749 OG_10_2247279_2720175
77 89.00 312774 312848 OS_Chr10_2616367_3045941 342323 342250 OG_10_2247279_2720175
77 89.00 312571 312644 OS_Chr10_2616367_3045941 342527 342453 OG_10_2247279_2720175
77 88.00 365324 365409 OS_Chr10_2616367_3045941 355257 355337 OG_10_2247279_2720175
77 80.00 397062 397249 OS_Chr10_2616367_3045941 360365 360561 OG_10_2247279_2720175
77 85.00 397155 397249 OS_Chr10_2616367_3045941 371870 371964 OG_10_2247279_2720175
77 88.00 415391 415461 OS_Chr10_2616367_3045941 372156 372086 OG_10_2247279_2720175
77 92.00 384691 384745 OS_Chr10_2616367_3045941 372102 372156 OG_10_2247279_2720175
77 94.00 367619 367669 OS_Chr10_2616367_3045941 373625 373675 OG_10_2247279_2720175
77 90.00 374681 374743 OS_Chr10_2616367_3045941 387789 387727 OG_10_2247279_2720175
77 89.00 334527 334593 OS_Chr10_2616367_3045941 387728 387794 OG_10_2247279_2720175
77 86.00 404450 404532 OS_Chr10_2616367_3045941 387812 387730 OG_10_2247279_2720175
77 86.00 397386 397468 OS_Chr10_2616367_3045941 387730 387812 OG_10_2247279_2720175
75 97.00 261673 261714 OS_Chr10_2616367_3045941 10217 10258 OG_10_2247279_2720175
75 97.00 261673 261714 OS_Chr10_2616367_3045941 18709 18750 OG_10_2247279_2720175
75 92.00 367480 367533 OS_Chr10_2616367_3045941 21645 21698 OG_10_2247279_2720175
75 92.00 367498 367551 OS_Chr10_2616367_3045941 21645 21698 OG_10_2247279_2720175
75 92.00 367491 367544 OS_Chr10_2616367_3045941 21646 21699 OG_10_2247279_2720175
75 92.00 426196 426249 OS_Chr10_2616367_3045941 47549 47602 OG_10_2247279_2720175
75 95.00 57371 57416 OS_Chr10_2616367_3045941 102419 102464 OG_10_2247279_2720175
75 85.00 249883 249972 OS_Chr10_2616367_3045941 112430 112519 OG_10_2247279_2720175
75 84.00 119060 119157 OS_Chr10_2616367_3045941 267631 267534 OG_10_2247279_2720175
75 84.00 300695 300807 OS_Chr10_2616367_3045941 275226 275116 OG_10_2247279_2720175
75 83.00 277336 277441 OS_Chr10_2616367_3045941 306776 306671 OG_10_2247279_2720175
75 90.00 400668 400729 OS_Chr10_2616367_3045941 312391 312330 OG_10_2247279_2720175
75 89.00 404486 404551 OS_Chr10_2616367_3045941 360732 360667 OG_10_2247279_2720175
75 89.00 397367 397432 OS_Chr10_2616367_3045941 360667 360732 OG_10_2247279_2720175
75 84.00 404907 405008 OS_Chr10_2616367_3045941 371964 371863 OG_10_2247279_2720175
75 95.00 344020 344065 OS_Chr10_2616367_3045941 372710 372755 OG_10_2247279_2720175
75 86.00 282460 282541 OS_Chr10_2616367_3045941 387708 387789 OG_10_2247279_2720175
75 94.00 302492 302541 OS_Chr10_2616367_3045941 404690 404641 OG_10_2247279_2720175
75 90.00 282456 282517 OS_Chr10_2616367_3045941 410553 410492 OG_10_2247279_2720175
75 92.00 365881 365934 OS_Chr10_2616367_3045941 423889 423836 OG_10_2247279_2720175
75 92.00 351006 351059 OS_Chr10_2616367_3045941 423889 423836 OG_10_2247279_2720175
75 92.00 374866 374919 OS_Chr10_2616367_3045941 423836 423889 OG_10_2247279_2720175
75 86.00 413969 414064 OS_Chr10_2616367_3045941 453769 453866 OG_10_2247279_2720175
73 92.00 70304 70356 OS_Chr10_2616367_3045941 5371 5423 OG_10_2247279_2720175
73 88.00 300747 300815 OS_Chr10_2616367_3045941 47539 47471 OG_10_2247279_2720175
73 91.00 426096 426152 OS_Chr10_2616367_3045941 47602 47546 OG_10_2247279_2720175
73 86.00 77684 77772 OS_Chr10_2616367_3045941 93598 93685 OG_10_2247279_2720175
73 97.00 249837 249877 OS_Chr10_2616367_3045941 102585 102625 OG_10_2247279_2720175
73 95.00 367473 367517 OS_Chr10_2616367_3045941 112376 112332 OG_10_2247279_2720175
73 95.00 367471 367515 OS_Chr10_2616367_3045941 112376 112332 OG_10_2247279_2720175
73 95.00 367469 367513 OS_Chr10_2616367_3045941 112376 112332 OG_10_2247279_2720175
73 95.00 367468 367512 OS_Chr10_2616367_3045941 112332 112376 OG_10_2247279_2720175
73 95.00 367470 367514 OS_Chr10_2616367_3045941 112332 112376 OG_10_2247279_2720175
73 95.00 367472 367516 OS_Chr10_2616367_3045941 112332 112376 OG_10_2247279_2720175
73 90.00 241899 241959 OS_Chr10_2616367_3045941 143512 143572 OG_10_2247279_2720175
73 95.00 112586 112630 OS_Chr10_2616367_3045941 155744 155788 OG_10_2247279_2720175
73 95.00 109201 109245 OS_Chr10_2616367_3045941 159049 159093 OG_10_2247279_2720175
73 88.00 215298 215366 OS_Chr10_2616367_3045941 248387 248319 OG_10_2247279_2720175
73 89.00 241052 241116 OS_Chr10_2616367_3045941 248385 248321 OG_10_2247279_2720175
73 93.00 306979 307027 OS_Chr10_2616367_3045941 248475 248523 OG_10_2247279_2720175
73 87.00 96029 96101 OS_Chr10_2616367_3045941 252611 252683 OG_10_2247279_2720175
73 92.00 57318 57370 OS_Chr10_2616367_3045941 281791 281739 OG_10_2247279_2720175
73 82.00 204563 204712 OS_Chr10_2616367_3045941 283985 284140 OG_10_2247279_2720175
73 86.00 415381 415461 OS_Chr10_2616367_3045941 356123 356043 OG_10_2247279_2720175
73 87.00 400655 400727 OS_Chr10_2616367_3045941 360734 360662 OG_10_2247279_2720175
73 93.00 384694 384742 OS_Chr10_2616367_3045941 360686 360734 OG_10_2247279_2720175
73 81.00 383513 383691 OS_Chr10_2616367_3045941 379671 379493 OG_10_2247279_2720175
73 92.00 334344 334396 OS_Chr10_2616367_3045941 406976 407028 OG_10_2247279_2720175
73 92.00 351007 351059 OS_Chr10_2616367_3045941 406976 407028 OG_10_2247279_2720175
73 85.00 326385 326469 OS_Chr10_2616367_3045941 407146 407230 OG_10_2247279_2720175
73 85.00 343425 343509 OS_Chr10_2616367_3045941 407146 407230 OG_10_2247279_2720175
73 83.00 350955 351059 OS_Chr10_2616367_3045941 414736 414632 OG_10_2247279_2720175
73 92.00 343267 343319 OS_Chr10_2616367_3045941 414684 414632 OG_10_2247279_2720175
73 92.00 326227 326279 OS_Chr10_2616367_3045941 414684 414632 OG_10_2247279_2720175
73 84.00 139437 139533 OS_Chr10_2616367_3045941 447353 447449 OG_10_2247279_2720175
73 86.00 77060 77140 OS_Chr10_2616367_3045941 447385 447465 OG_10_2247279_2720175
73 86.00 306870 306950 OS_Chr10_2616367_3045941 451918 451838 OG_10_2247279_2720175
73 96.00 112179 112229 OS_Chr10_2616367_3045941 452587 452535 OG_10_2247279_2720175
71 88.00 152331 152398 OS_Chr10_2616367_3045941 47541 47474 OG_10_2247279_2720175
71 85.00 250956 251054 OS_Chr10_2616367_3045941 100013 100112 OG_10_2247279_2720175
71 95.00 367474 367517 OS_Chr10_2616367_3045941 112332 112375 OG_10_2247279_2720175
71 87.00 185382 185453 OS_Chr10_2616367_3045941 117114 117185 OG_10_2247279_2720175
71 97.00 172101 172140 OS_Chr10_2616367_3045941 143481 143442 OG_10_2247279_2720175
71 88.00 219443 219510 OS_Chr10_2616367_3045941 143561 143628 OG_10_2247279_2720175
71 82.00 152252 152376 OS_Chr10_2616367_3045941 166838 166712 OG_10_2247279_2720175
71 84.00 125211 125302 OS_Chr10_2616367_3045941 181558 181649 OG_10_2247279_2720175
71 87.00 68735 68806 OS_Chr10_2616367_3045941 206412 206483 OG_10_2247279_2720175
71 84.00 241191 241293 OS_Chr10_2616367_3045941 248502 248402 OG_10_2247279_2720175
71 88.00 219443 219510 OS_Chr10_2616367_3045941 252518 252451 OG_10_2247279_2720175
71 88.00 306838 306912 OS_Chr10_2616367_3045941 273674 273749 OG_10_2247279_2720175
71 89.00 256554 256617 OS_Chr10_2616367_3045941 296037 296100 OG_10_2247279_2720175
71 93.00 236950 236997 OS_Chr10_2616367_3045941 306455 306408 OG_10_2247279_2720175
71 97.00 365889 365928 OS_Chr10_2616367_3045941 311999 312038 OG_10_2247279_2720175
71 91.00 57315 57370 OS_Chr10_2616367_3045941 332496 332441 OG_10_2247279_2720175
71 91.00 98315 98374 OS_Chr10_2616367_3045941 332619 332561 OG_10_2247279_2720175
71 85.00 343700 343800 OS_Chr10_2616367_3045941 360949 361051 OG_10_2247279_2720175
71 86.00 307097 307176 OS_Chr10_2616367_3045941 387708 387787 OG_10_2247279_2720175
71 91.00 307121 307176 OS_Chr10_2616367_3045941 414257 414202 OG_10_2247279_2720175
71 91.00 307121 307176 OS_Chr10_2616367_3045941 423692 423637 OG_10_2247279_2720175
71 96.00 162602 162651 OS_Chr10_2616367_3045941 452586 452535 OG_10_2247279_2720175
71 96.00 367441 367490 OS_Chr10_2616367_3045941 452535 452586 OG_10_2247279_2720175
71 96.00 367456 367506 OS_Chr10_2616367_3045941 452585 452535 OG_10_2247279_2720175
