8540 97.00 6864 11582 OG_10_2247279_2720175 7001 11719 OS_Chr10_2616367_3045941
7987 98.00 1523 5850 OG_10_2247279_2720175 1650 5998 OS_Chr10_2616367_3045941
5285 96.00 11610 14597 OG_10_2247279_2720175 11718 14722 OS_Chr10_2616367_3045941
2793 98.00 11 1474 OG_10_2247279_2720175 1 1475 OS_Chr10_2616367_3045941
155 83.00 4068 4297 OG_10_2247279_2720175 3504 3275 OS_Chr10_2616367_3045941
141 98.00 1523 1600 OG_10_2247279_2720175 1554 1632 OS_Chr10_2616367_3045941
131 82.00 3148 3377 OG_10_2247279_2720175 4422 4193 OS_Chr10_2616367_3045941
113 87.00 5534 5658 OG_10_2247279_2720175 5787 5663 OS_Chr10_2616367_3045941
95 90.00 11074 11153 OG_10_2247279_2720175 11452 11373 OS_Chr10_2616367_3045941
81 88.00 11235 11314 OG_10_2247279_2720175 11291 11211 OS_Chr10_2616367_3045941
75 84.00 8288 8385 OG_10_2247279_2720175 4420 4323 OS_Chr10_2616367_3045941
65 82.00 4152 4295 OG_10_2247279_2720175 8567 8424 OS_Chr10_2616367_3045941
63 83.00 9774 9869 OG_10_2247279_2720175 10175 10080 OS_Chr10_2616367_3045941
