15110 99.00 6864 14600 OG_10_2247279_2720175 6864 14600 OG_10_2247279_2720175
11610 99.00 1 5862 OG_10_2247279_2720175 1 5862 OG_10_2247279_2720175
131 82.00 4068 4297 OG_10_2247279_2720175 3377 3148 OG_10_2247279_2720175
131 82.00 3148 3377 OG_10_2247279_2720175 4297 4068 OG_10_2247279_2720175
95 90.00 11235 11314 OG_10_2247279_2720175 11153 11074 OG_10_2247279_2720175
95 90.00 11074 11153 OG_10_2247279_2720175 11314 11235 OG_10_2247279_2720175
91 87.00 5534 5639 OG_10_2247279_2720175 5639 5534 OG_10_2247279_2720175
67 85.00 8465 8542 OG_10_2247279_2720175 3318 3395 OG_10_2247279_2720175
67 85.00 3318 3395 OG_10_2247279_2720175 8465 8542 OG_10_2247279_2720175
65 83.00 8288 8388 OG_10_2247279_2720175 3150 3250 OG_10_2247279_2720175
65 83.00 3150 3250 OG_10_2247279_2720175 8288 8388 OG_10_2247279_2720175
