8623 98.00 7001 11719 OS_Chr10_2616367_3045941 6864 11582 OG_10_2247279_2720175
7993 98.00 1650 5998 OS_Chr10_2616367_3045941 1523 5850 OG_10_2247279_2720175
5410 97.00 11718 14722 OS_Chr10_2616367_3045941 11610 14597 OG_10_2247279_2720175
2799 98.00 1 1475 OS_Chr10_2616367_3045941 11 1474 OG_10_2247279_2720175
155 83.00 3275 3504 OS_Chr10_2616367_3045941 4297 4068 OG_10_2247279_2720175
141 98.00 1554 1632 OS_Chr10_2616367_3045941 1523 1600 OG_10_2247279_2720175
131 82.00 4193 4422 OS_Chr10_2616367_3045941 3377 3148 OG_10_2247279_2720175
113 87.00 5663 5787 OS_Chr10_2616367_3045941 5658 5534 OG_10_2247279_2720175
95 90.00 11373 11452 OS_Chr10_2616367_3045941 11153 11074 OG_10_2247279_2720175
81 88.00 11211 11291 OS_Chr10_2616367_3045941 11314 11235 OG_10_2247279_2720175
75 84.00 4323 4420 OS_Chr10_2616367_3045941 8385 8288 OG_10_2247279_2720175
65 82.00 8424 8567 OS_Chr10_2616367_3045941 4295 4152 OG_10_2247279_2720175
63 83.00 10080 10175 OS_Chr10_2616367_3045941 9869 9774 OG_10_2247279_2720175
